   1  0.5884E-06
   2  0.5389E-10
   3  0.8324E-14
   4  0.3040E-17
   5  0.1377E-16
   6  0.1382E-17
   7  0.9299E-17
   8  0.1821E-17
   9  0.3259E-17
  10  0.2111E-17
  11  0.2181E-17
  12  0.2202E-17
  13  0.1187E-17
  14  0.2636E-17
  15  0.2016E-17
  16  0.1693E-17
  17  0.2168E-17
  18  0.2121E-17
  19  0.1526E-17
  20  0.1872E-17
  21  0.2649E-17
  22  0.2277E-17
  23  0.2361E-17
  24  0.2501E-17
  25  0.2137E-17
  26  0.2356E-17
  27  0.2746E-17
  28  0.2636E-17
  29  0.2731E-17
  30  0.2705E-17
  31  0.2957E-17
  32  0.3049E-17
  33  0.3179E-17
  34  0.3506E-17
  35  0.3540E-17
  36  0.3620E-17
  37  0.3793E-17
  38  0.7993E-17
  39  0.0000E+00
  40  0.4239E-17
  41  0.4263E-17
  42  0.4736E-17
  43  0.5075E-17
  44  0.5055E-17
  45  0.5383E-17
  46  0.5225E-17
  47  0.6009E-17
  48  0.5999E-17
  49  0.6024E-17
  50  0.6258E-17
  51  0.6221E-17
  52  0.6678E-17
  53  0.6524E-17
  54  0.7008E-17
  55  0.6954E-17
  56  0.7069E-17
  57  0.7315E-17
  58  0.6880E-17
  59  0.8057E-17
  60  0.7898E-17
  61  0.8556E-17
  62  0.8473E-17
  63  0.8633E-17
  64  0.9086E-17
  65  0.8391E-17
  66  0.8533E-17
  67  0.9317E-17
  68  0.9185E-17
  69  0.9802E-17
  70  0.1107E-16
  71  0.9722E-17
  72  0.1038E-16
  73  0.9295E-17
  74  0.9818E-17
  75  0.1049E-16
  76  0.1046E-16
  77  0.2152E-16
  78  0.0000E+00
  79  0.1142E-16
  80  0.1125E-16
  81  0.1093E-16
  82  0.1092E-16
  83  0.1118E-16
  84  0.1018E-16
  85  0.1121E-16
  86  0.1107E-16
  87  0.1140E-16
  88  0.1121E-16
  89  0.1224E-16
  90  0.1183E-16
  91  0.1089E-16
  92  0.1151E-16
  93  0.1208E-16
  94  0.1166E-16
  95  0.1145E-16
  96  0.1142E-16
  97  0.1192E-16
  98  0.1064E-16
  99  0.5816E-17
 100  0.0000E+00
 101  0.0000E+00
 102  0.0000E+00
 103  0.0000E+00
 104  0.0000E+00
 105  0.0000E+00
 106  0.0000E+00
 107  0.0000E+00
 108  0.0000E+00
 109  0.0000E+00
 110  0.0000E+00
 111  0.0000E+00
 112  0.0000E+00
 113  0.0000E+00
 114  0.0000E+00
 115  0.0000E+00
 116  0.0000E+00
 117  0.0000E+00
 118  0.0000E+00
 119  0.0000E+00
 120  0.0000E+00
 121  0.0000E+00
 122  0.0000E+00
 123  0.0000E+00
 124  0.0000E+00
 125  0.0000E+00
 126  0.0000E+00
 127  0.0000E+00
 128  0.0000E+00
 129  0.0000E+00
 130  0.0000E+00
 131  0.0000E+00
 132  0.0000E+00
 133  0.0000E+00
 134  0.0000E+00
 135  0.0000E+00
 136  0.0000E+00
 137  0.0000E+00
 138  0.0000E+00
 139  0.0000E+00
 140  0.0000E+00
 141  0.0000E+00
 142  0.0000E+00
 143  0.0000E+00
 144  0.0000E+00
 145  0.0000E+00
 146  0.0000E+00
 147  0.0000E+00
 148  0.0000E+00
 149  0.0000E+00
 150  0.0000E+00
 151  0.0000E+00
 152  0.0000E+00
 153  0.0000E+00
 154  0.0000E+00
 155  0.0000E+00
 156  0.0000E+00
 157  0.0000E+00
 158  0.0000E+00
 159  0.0000E+00
 160  0.0000E+00
 161  0.0000E+00
 162  0.0000E+00
 163  0.0000E+00
 164  0.0000E+00
 165  0.0000E+00
 166  0.0000E+00
 167  0.0000E+00
 168  0.0000E+00
 169  0.0000E+00
 170  0.0000E+00
 171  0.0000E+00
 172  0.0000E+00
 173  0.0000E+00
 174  0.0000E+00
 175  0.0000E+00
 176  0.0000E+00
 177  0.0000E+00
 178  0.0000E+00
 179  0.0000E+00
 180  0.0000E+00
 181  0.0000E+00
 182  0.0000E+00
 183  0.0000E+00
 184  0.0000E+00
 185  0.0000E+00
 186  0.0000E+00
 187  0.0000E+00
 188  0.0000E+00
 189  0.0000E+00
 190  0.0000E+00
 191  0.0000E+00
 192  0.0000E+00
 193  0.0000E+00
 194  0.0000E+00
 195  0.0000E+00
 196  0.0000E+00
 197  0.0000E+00
 198  0.0000E+00
