   1  0.2795E-03
   2  0.1951E-09
   3  0.4817E-14
   4  0.5504E-17
   5  0.3082E-17
   6  0.6300E-17
   7  0.5726E-17
   8  0.1525E-17
   9  0.1394E-17
  10  0.1717E-17
  11  0.5569E-17
  12  0.2717E-17
  13  0.1518E-17
  14  0.4741E-17
  15  0.2058E-17
  16  0.1472E-17
  17  0.3056E-17
  18  0.2061E-17
  19  0.2484E-17
  20  0.3400E-17
  21  0.1841E-17
  22  0.2618E-17
  23  0.1853E-17
  24  0.2212E-17
  25  0.2212E-17
  26  0.2550E-17
  27  0.2370E-17
  28  0.2416E-17
  29  0.2712E-17
  30  0.2647E-17
  31  0.2872E-17
  32  0.2810E-17
  33  0.3132E-17
  34  0.3251E-17
  35  0.3451E-17
  36  0.3544E-17
  37  0.3783E-17
  38  0.7792E-17
  39  0.0000E+00
  40  0.4142E-17
  41  0.4220E-17
  42  0.4662E-17
  43  0.5006E-17
  44  0.4932E-17
  45  0.5296E-17
  46  0.5135E-17
  47  0.5908E-17
  48  0.5921E-17
  49  0.6005E-17
  50  0.6210E-17
  51  0.6157E-17
  52  0.6608E-17
  53  0.6410E-17
  54  0.6901E-17
  55  0.6834E-17
  56  0.6958E-17
  57  0.7209E-17
  58  0.6774E-17
  59  0.8006E-17
  60  0.7779E-17
  61  0.8465E-17
  62  0.8333E-17
  63  0.8530E-17
  64  0.8931E-17
  65  0.8280E-17
  66  0.8420E-17
  67  0.9172E-17
  68  0.9121E-17
  69  0.9647E-17
  70  0.1083E-16
  71  0.9545E-17
  72  0.1020E-16
  73  0.9137E-17
  74  0.9714E-17
  75  0.1034E-16
  76  0.1029E-16
  77  0.2118E-16
  78  0.0000E+00
  79  0.1120E-16
  80  0.1106E-16
  81  0.1081E-16
  82  0.1069E-16
  83  0.1099E-16
  84  0.9937E-17
  85  0.1096E-16
  86  0.1086E-16
  87  0.1120E-16
  88  0.1101E-16
  89  0.1202E-16
  90  0.1158E-16
  91  0.1064E-16
  92  0.1125E-16
  93  0.1178E-16
  94  0.1139E-16
  95  0.1121E-16
  96  0.1120E-16
  97  0.1167E-16
  98  0.1039E-16
  99  0.5676E-17
 100  0.0000E+00
 101  0.0000E+00
 102  0.0000E+00
 103  0.0000E+00
 104  0.0000E+00
 105  0.0000E+00
 106  0.0000E+00
 107  0.0000E+00
 108  0.0000E+00
 109  0.0000E+00
 110  0.0000E+00
 111  0.0000E+00
 112  0.0000E+00
 113  0.0000E+00
 114  0.0000E+00
 115  0.0000E+00
 116  0.0000E+00
 117  0.0000E+00
 118  0.0000E+00
 119  0.0000E+00
 120  0.0000E+00
 121  0.0000E+00
 122  0.0000E+00
 123  0.0000E+00
 124  0.0000E+00
 125  0.0000E+00
 126  0.0000E+00
 127  0.0000E+00
 128  0.0000E+00
 129  0.0000E+00
 130  0.0000E+00
 131  0.0000E+00
 132  0.0000E+00
 133  0.0000E+00
 134  0.0000E+00
 135  0.0000E+00
 136  0.0000E+00
 137  0.0000E+00
 138  0.0000E+00
 139  0.0000E+00
 140  0.0000E+00
 141  0.0000E+00
 142  0.0000E+00
 143  0.0000E+00
 144  0.0000E+00
 145  0.0000E+00
 146  0.0000E+00
 147  0.0000E+00
 148  0.0000E+00
 149  0.0000E+00
 150  0.0000E+00
 151  0.0000E+00
 152  0.0000E+00
 153  0.0000E+00
 154  0.0000E+00
 155  0.0000E+00
 156  0.0000E+00
 157  0.0000E+00
 158  0.0000E+00
 159  0.0000E+00
 160  0.0000E+00
 161  0.0000E+00
 162  0.0000E+00
 163  0.0000E+00
 164  0.0000E+00
 165  0.0000E+00
 166  0.0000E+00
 167  0.0000E+00
 168  0.0000E+00
 169  0.0000E+00
 170  0.0000E+00
 171  0.0000E+00
 172  0.0000E+00
 173  0.0000E+00
 174  0.0000E+00
 175  0.0000E+00
 176  0.0000E+00
 177  0.0000E+00
 178  0.0000E+00
 179  0.0000E+00
 180  0.0000E+00
 181  0.0000E+00
 182  0.0000E+00
 183  0.0000E+00
 184  0.0000E+00
 185  0.0000E+00
 186  0.0000E+00
 187  0.0000E+00
 188  0.0000E+00
 189  0.0000E+00
 190  0.0000E+00
 191  0.0000E+00
 192  0.0000E+00
 193  0.0000E+00
 194  0.0000E+00
 195  0.0000E+00
 196  0.0000E+00
 197  0.0000E+00
 198  0.0000E+00
