   1  0.2060E-03
   2  0.2527E-11
   3  0.2056E-15
   4  0.2438E-17
   5  0.4508E-18
   6  0.1548E-17
   7  0.1024E-17
   8  0.1214E-17
   9  0.1334E-17
  10  0.9746E-18
  11  0.1586E-17
  12  0.1101E-17
  13  0.1163E-17
  14  0.1494E-17
  15  0.1365E-17
  16  0.1320E-17
  17  0.9471E-18
  18  0.1143E-17
  19  0.1294E-17
  20  0.1422E-17
  21  0.1475E-17
  22  0.2274E-17
  23  0.1783E-17
  24  0.1735E-17
  25  0.1722E-17
  26  0.1832E-17
  27  0.1826E-17
  28  0.1896E-17
  29  0.1921E-17
  30  0.2026E-17
  31  0.2290E-17
  32  0.2411E-17
  33  0.2431E-17
  34  0.2642E-17
  35  0.2748E-17
  36  0.2937E-17
  37  0.2890E-17
  38  0.6160E-17
  39  0.0000E+00
  40  0.3436E-17
  41  0.3256E-17
  42  0.3660E-17
  43  0.3867E-17
  44  0.4016E-17
  45  0.3991E-17
  46  0.4274E-17
  47  0.4409E-17
  48  0.4305E-17
  49  0.4682E-17
  50  0.4193E-17
  51  0.4721E-17
  52  0.5358E-17
  53  0.5235E-17
  54  0.5342E-17
  55  0.5837E-17
  56  0.5841E-17
  57  0.6297E-17
  58  0.5742E-17
  59  0.6648E-17
  60  0.6120E-17
  61  0.6364E-17
  62  0.6235E-17
  63  0.6873E-17
  64  0.6603E-17
  65  0.6874E-17
  66  0.6265E-17
  67  0.7203E-17
  68  0.7026E-17
  69  0.7061E-17
  70  0.6937E-17
  71  0.7835E-17
  72  0.7201E-17
  73  0.8604E-17
  74  0.7889E-17
  75  0.8203E-17
  76  0.8327E-17
  77  0.1639E-16
  78  0.0000E+00
  79  0.8545E-17
  80  0.8290E-17
  81  0.8221E-17
  82  0.8627E-17
  83  0.8477E-17
  84  0.8689E-17
  85  0.8691E-17
  86  0.9541E-17
  87  0.8813E-17
  88  0.8718E-17
  89  0.8225E-17
  90  0.9095E-17
  91  0.8342E-17
  92  0.7904E-17
  93  0.9063E-17
  94  0.8940E-17
  95  0.9097E-17
  96  0.9559E-17
  97  0.9290E-17
  98  0.8502E-17
  99  0.3721E-17
 100  0.0000E+00
 101  0.0000E+00
 102  0.0000E+00
 103  0.0000E+00
 104  0.0000E+00
 105  0.0000E+00
 106  0.0000E+00
 107  0.0000E+00
 108  0.0000E+00
 109  0.0000E+00
 110  0.0000E+00
 111  0.0000E+00
 112  0.0000E+00
 113  0.0000E+00
 114  0.0000E+00
 115  0.0000E+00
 116  0.0000E+00
 117  0.0000E+00
 118  0.0000E+00
 119  0.0000E+00
 120  0.0000E+00
 121  0.0000E+00
 122  0.0000E+00
 123  0.0000E+00
 124  0.0000E+00
 125  0.0000E+00
 126  0.0000E+00
 127  0.0000E+00
 128  0.0000E+00
 129  0.0000E+00
 130  0.0000E+00
 131  0.0000E+00
 132  0.0000E+00
 133  0.0000E+00
 134  0.0000E+00
 135  0.0000E+00
 136  0.0000E+00
 137  0.0000E+00
 138  0.0000E+00
 139  0.0000E+00
 140  0.0000E+00
 141  0.0000E+00
 142  0.0000E+00
 143  0.0000E+00
 144  0.0000E+00
 145  0.0000E+00
 146  0.0000E+00
 147  0.0000E+00
 148  0.0000E+00
 149  0.0000E+00
 150  0.0000E+00
 151  0.0000E+00
 152  0.0000E+00
 153  0.0000E+00
 154  0.0000E+00
 155  0.0000E+00
 156  0.0000E+00
 157  0.0000E+00
 158  0.0000E+00
 159  0.0000E+00
 160  0.0000E+00
 161  0.0000E+00
 162  0.0000E+00
 163  0.0000E+00
 164  0.0000E+00
 165  0.0000E+00
 166  0.0000E+00
 167  0.0000E+00
 168  0.0000E+00
 169  0.0000E+00
 170  0.0000E+00
 171  0.0000E+00
 172  0.0000E+00
 173  0.0000E+00
 174  0.0000E+00
 175  0.0000E+00
 176  0.0000E+00
 177  0.0000E+00
 178  0.0000E+00
 179  0.0000E+00
 180  0.0000E+00
 181  0.0000E+00
 182  0.0000E+00
 183  0.0000E+00
 184  0.0000E+00
 185  0.0000E+00
 186  0.0000E+00
 187  0.0000E+00
 188  0.0000E+00
 189  0.0000E+00
 190  0.0000E+00
 191  0.0000E+00
 192  0.0000E+00
 193  0.0000E+00
 194  0.0000E+00
 195  0.0000E+00
 196  0.0000E+00
 197  0.0000E+00
 198  0.0000E+00
