   1  0.2060E-03
   2  0.3061E-11
   3  0.2811E-15
   4  0.2551E-17
   5  0.1909E-17
   6  0.1610E-17
   7  0.1913E-17
   8  0.1244E-17
   9  0.1505E-17
  10  0.9570E-18
  11  0.1521E-17
  12  0.9545E-18
  13  0.9223E-18
  14  0.1233E-17
  15  0.1039E-17
  16  0.8194E-18
  17  0.4468E-18
  18  0.6431E-18
  19  0.5783E-18
  20  0.6422E-18
  21  0.7553E-18
  22  0.1352E-17
  23  0.7325E-18
  24  0.6492E-18
  25  0.3911E-18
  26  0.4118E-18
  27  0.3193E-18
  28  0.3434E-18
  29  0.2195E-18
  30  0.2477E-18
  31  0.1121E-18
  32  0.2180E-18
  33  0.1661E-18
  34  0.1840E-18
  35  0.1360E-18
  36  0.1245E-18
  37  0.1171E-18
  38  0.2384E-18
  39  0.0000E+00
  40  0.1033E-18
  41  0.8487E-19
  42  0.8617E-19
  43  0.7020E-19
  44  0.7822E-19
  45  0.5625E-19
  46  0.5857E-19
  47  0.6284E-19
  48  0.5831E-19
  49  0.6426E-19
  50  0.6048E-19
  51  0.5636E-19
  52  0.4913E-19
  53  0.4172E-19
  54  0.4606E-19
  55  0.4132E-19
  56  0.5255E-19
  57  0.4415E-19
  58  0.4440E-19
  59  0.4742E-19
  60  0.4355E-19
  61  0.4321E-19
  62  0.4868E-19
  63  0.3941E-19
  64  0.4448E-19
  65  0.4051E-19
  66  0.4147E-19
  67  0.4281E-19
  68  0.4559E-19
  69  0.4553E-19
  70  0.4819E-19
  71  0.4939E-19
  72  0.4853E-19
  73  0.4952E-19
  74  0.5380E-19
  75  0.5619E-19
  76  0.5795E-19
  77  0.1237E-18
  78  0.0000E+00
  79  0.5997E-19
  80  0.6189E-19
  81  0.6839E-19
  82  0.7155E-19
  83  0.6981E-19
  84  0.7340E-19
  85  0.7659E-19
  86  0.7381E-19
  87  0.7605E-19
  88  0.8202E-19
  89  0.8018E-19
  90  0.8995E-19
  91  0.9280E-19
  92  0.9801E-19
  93  0.9774E-19
  94  0.1075E-18
  95  0.1014E-18
  96  0.1093E-18
  97  0.1171E-18
  98  0.1193E-18
  99  0.6529E-19
 100  0.0000E+00
 101  0.0000E+00
 102  0.0000E+00
 103  0.0000E+00
 104  0.0000E+00
 105  0.0000E+00
 106  0.0000E+00
 107  0.0000E+00
 108  0.0000E+00
 109  0.0000E+00
 110  0.0000E+00
 111  0.0000E+00
 112  0.0000E+00
 113  0.0000E+00
 114  0.0000E+00
 115  0.0000E+00
 116  0.0000E+00
 117  0.0000E+00
 118  0.0000E+00
 119  0.0000E+00
 120  0.0000E+00
 121  0.0000E+00
 122  0.0000E+00
 123  0.0000E+00
 124  0.0000E+00
 125  0.0000E+00
 126  0.0000E+00
 127  0.0000E+00
 128  0.0000E+00
 129  0.0000E+00
 130  0.0000E+00
 131  0.0000E+00
 132  0.0000E+00
 133  0.0000E+00
 134  0.0000E+00
 135  0.0000E+00
 136  0.0000E+00
 137  0.0000E+00
 138  0.0000E+00
 139  0.0000E+00
 140  0.0000E+00
 141  0.0000E+00
 142  0.0000E+00
 143  0.0000E+00
 144  0.0000E+00
 145  0.0000E+00
 146  0.0000E+00
 147  0.0000E+00
 148  0.0000E+00
 149  0.0000E+00
 150  0.0000E+00
 151  0.0000E+00
 152  0.0000E+00
 153  0.0000E+00
 154  0.0000E+00
 155  0.0000E+00
 156  0.0000E+00
 157  0.0000E+00
 158  0.0000E+00
 159  0.0000E+00
 160  0.0000E+00
 161  0.0000E+00
 162  0.0000E+00
 163  0.0000E+00
 164  0.0000E+00
 165  0.0000E+00
 166  0.0000E+00
 167  0.0000E+00
 168  0.0000E+00
 169  0.0000E+00
 170  0.0000E+00
 171  0.0000E+00
 172  0.0000E+00
 173  0.0000E+00
 174  0.0000E+00
 175  0.0000E+00
 176  0.0000E+00
 177  0.0000E+00
 178  0.0000E+00
 179  0.0000E+00
 180  0.0000E+00
 181  0.0000E+00
 182  0.0000E+00
 183  0.0000E+00
 184  0.0000E+00
 185  0.0000E+00
 186  0.0000E+00
 187  0.0000E+00
 188  0.0000E+00
 189  0.0000E+00
 190  0.0000E+00
 191  0.0000E+00
 192  0.0000E+00
 193  0.0000E+00
 194  0.0000E+00
 195  0.0000E+00
 196  0.0000E+00
 197  0.0000E+00
 198  0.0000E+00
