   1  0.2805E-03
   2  0.2502E-09
   3  0.1320E-13
   4  0.8442E-17
   5  0.1662E-16
   6  0.7449E-17
   7  0.1474E-16
   8  0.2852E-17
   9  0.4203E-17
  10  0.3182E-17
  11  0.7092E-17
  12  0.4115E-17
  13  0.1708E-17
  14  0.6068E-17
  15  0.2820E-17
  16  0.1422E-17
  17  0.3514E-17
  18  0.2262E-17
  19  0.2071E-17
  20  0.3220E-17
  21  0.1902E-17
  22  0.2053E-17
  23  0.9675E-18
  24  0.7791E-18
  25  0.1157E-17
  26  0.9769E-18
  27  0.9776E-18
  28  0.9969E-18
  29  0.7668E-18
  30  0.4149E-18
  31  0.4330E-18
  32  0.4947E-18
  33  0.4356E-18
  34  0.3457E-18
  35  0.3771E-18
  36  0.2893E-18
  37  0.3091E-18
  38  0.4645E-18
  39  0.0000E+00
  40  0.2475E-18
  41  0.2168E-18
  42  0.2367E-18
  43  0.1956E-18
  44  0.2185E-18
  45  0.1766E-18
  46  0.1671E-18
  47  0.1713E-18
  48  0.1576E-18
  49  0.1751E-18
  50  0.1522E-18
  51  0.1549E-18
  52  0.1458E-18
  53  0.1518E-18
  54  0.1723E-18
  55  0.1586E-18
  56  0.1698E-18
  57  0.1662E-18
  58  0.1598E-18
  59  0.1571E-18
  60  0.1549E-18
  61  0.1683E-18
  62  0.1574E-18
  63  0.1518E-18
  64  0.1584E-18
  65  0.1503E-18
  66  0.1465E-18
  67  0.1619E-18
  68  0.1619E-18
  69  0.1709E-18
  70  0.1702E-18
  71  0.1707E-18
  72  0.1742E-18
  73  0.1834E-18
  74  0.1943E-18
  75  0.1925E-18
  76  0.2021E-18
  77  0.4210E-18
  78  0.0000E+00
  79  0.1890E-18
  80  0.2157E-18
  81  0.2074E-18
  82  0.2265E-18
  83  0.2148E-18
  84  0.2287E-18
  85  0.2379E-18
  86  0.2202E-18
  87  0.2265E-18
  88  0.2295E-18
  89  0.2448E-18
  90  0.2505E-18
  91  0.2663E-18
  92  0.2615E-18
  93  0.2777E-18
  94  0.2534E-18
  95  0.2615E-18
  96  0.2441E-18
  97  0.2611E-18
  98  0.2602E-18
  99  0.1254E-18
 100  0.0000E+00
 101  0.0000E+00
 102  0.0000E+00
 103  0.0000E+00
 104  0.0000E+00
 105  0.0000E+00
 106  0.0000E+00
 107  0.0000E+00
 108  0.0000E+00
 109  0.0000E+00
 110  0.0000E+00
 111  0.0000E+00
 112  0.0000E+00
 113  0.0000E+00
 114  0.0000E+00
 115  0.0000E+00
 116  0.0000E+00
 117  0.0000E+00
 118  0.0000E+00
 119  0.0000E+00
 120  0.0000E+00
 121  0.0000E+00
 122  0.0000E+00
 123  0.0000E+00
 124  0.0000E+00
 125  0.0000E+00
 126  0.0000E+00
 127  0.0000E+00
 128  0.0000E+00
 129  0.0000E+00
 130  0.0000E+00
 131  0.0000E+00
 132  0.0000E+00
 133  0.0000E+00
 134  0.0000E+00
 135  0.0000E+00
 136  0.0000E+00
 137  0.0000E+00
 138  0.0000E+00
 139  0.0000E+00
 140  0.0000E+00
 141  0.0000E+00
 142  0.0000E+00
 143  0.0000E+00
 144  0.0000E+00
 145  0.0000E+00
 146  0.0000E+00
 147  0.0000E+00
 148  0.0000E+00
 149  0.0000E+00
 150  0.0000E+00
 151  0.0000E+00
 152  0.0000E+00
 153  0.0000E+00
 154  0.0000E+00
 155  0.0000E+00
 156  0.0000E+00
 157  0.0000E+00
 158  0.0000E+00
 159  0.0000E+00
 160  0.0000E+00
 161  0.0000E+00
 162  0.0000E+00
 163  0.0000E+00
 164  0.0000E+00
 165  0.0000E+00
 166  0.0000E+00
 167  0.0000E+00
 168  0.0000E+00
 169  0.0000E+00
 170  0.0000E+00
 171  0.0000E+00
 172  0.0000E+00
 173  0.0000E+00
 174  0.0000E+00
 175  0.0000E+00
 176  0.0000E+00
 177  0.0000E+00
 178  0.0000E+00
 179  0.0000E+00
 180  0.0000E+00
 181  0.0000E+00
 182  0.0000E+00
 183  0.0000E+00
 184  0.0000E+00
 185  0.0000E+00
 186  0.0000E+00
 187  0.0000E+00
 188  0.0000E+00
 189  0.0000E+00
 190  0.0000E+00
 191  0.0000E+00
 192  0.0000E+00
 193  0.0000E+00
 194  0.0000E+00
 195  0.0000E+00
 196  0.0000E+00
 197  0.0000E+00
 198  0.0000E+00
