   1  0.6536E-07
   2  0.5210E-12
   3  0.6916E-16
   4  0.2140E-18
   5  0.1585E-17
   6  0.2438E-18
   7  0.1128E-17
   8  0.3398E-18
   9  0.5184E-18
  10  0.4496E-18
  11  0.5028E-18
  12  0.4944E-18
  13  0.4539E-18
  14  0.6961E-18
  15  0.6778E-18
  16  0.6885E-18
  17  0.7985E-18
  18  0.8653E-18
  19  0.8278E-18
  20  0.1020E-17
  21  0.1088E-17
  22  0.1225E-17
  23  0.1317E-17
  24  0.1269E-17
  25  0.1494E-17
  26  0.1508E-17
  27  0.1693E-17
  28  0.1755E-17
  29  0.1833E-17
  30  0.1915E-17
  31  0.2225E-17
  32  0.2323E-17
  33  0.2345E-17
  34  0.2491E-17
  35  0.2718E-17
  36  0.2794E-17
  37  0.2798E-17
  38  0.6064E-17
  39  0.0000E+00
  40  0.3386E-17
  41  0.3226E-17
  42  0.3600E-17
  43  0.3839E-17
  44  0.4017E-17
  45  0.3975E-17
  46  0.4239E-17
  47  0.4347E-17
  48  0.4302E-17
  49  0.4669E-17
  50  0.4169E-17
  51  0.4731E-17
  52  0.5284E-17
  53  0.5265E-17
  54  0.5364E-17
  55  0.5807E-17
  56  0.5824E-17
  57  0.6298E-17
  58  0.5780E-17
  59  0.6624E-17
  60  0.6113E-17
  61  0.6352E-17
  62  0.6230E-17
  63  0.6901E-17
  64  0.6597E-17
  65  0.6889E-17
  66  0.6277E-17
  67  0.7201E-17
  68  0.7074E-17
  69  0.7088E-17
  70  0.6978E-17
  71  0.7864E-17
  72  0.7248E-17
  73  0.8639E-17
  74  0.7967E-17
  75  0.8231E-17
  76  0.8366E-17
  77  0.1641E-16
  78  0.0000E+00
  79  0.8622E-17
  80  0.8380E-17
  81  0.8258E-17
  82  0.8714E-17
  83  0.8527E-17
  84  0.8732E-17
  85  0.8755E-17
  86  0.9626E-17
  87  0.8884E-17
  88  0.8805E-17
  89  0.8284E-17
  90  0.9164E-17
  91  0.8439E-17
  92  0.7990E-17
  93  0.9145E-17
  94  0.9040E-17
  95  0.9163E-17
  96  0.9656E-17
  97  0.9419E-17
  98  0.8597E-17
  99  0.3787E-17
 100  0.0000E+00
 101  0.0000E+00
 102  0.0000E+00
 103  0.0000E+00
 104  0.0000E+00
 105  0.0000E+00
 106  0.0000E+00
 107  0.0000E+00
 108  0.0000E+00
 109  0.0000E+00
 110  0.0000E+00
 111  0.0000E+00
 112  0.0000E+00
 113  0.0000E+00
 114  0.0000E+00
 115  0.0000E+00
 116  0.0000E+00
 117  0.0000E+00
 118  0.0000E+00
 119  0.0000E+00
 120  0.0000E+00
 121  0.0000E+00
 122  0.0000E+00
 123  0.0000E+00
 124  0.0000E+00
 125  0.0000E+00
 126  0.0000E+00
 127  0.0000E+00
 128  0.0000E+00
 129  0.0000E+00
 130  0.0000E+00
 131  0.0000E+00
 132  0.0000E+00
 133  0.0000E+00
 134  0.0000E+00
 135  0.0000E+00
 136  0.0000E+00
 137  0.0000E+00
 138  0.0000E+00
 139  0.0000E+00
 140  0.0000E+00
 141  0.0000E+00
 142  0.0000E+00
 143  0.0000E+00
 144  0.0000E+00
 145  0.0000E+00
 146  0.0000E+00
 147  0.0000E+00
 148  0.0000E+00
 149  0.0000E+00
 150  0.0000E+00
 151  0.0000E+00
 152  0.0000E+00
 153  0.0000E+00
 154  0.0000E+00
 155  0.0000E+00
 156  0.0000E+00
 157  0.0000E+00
 158  0.0000E+00
 159  0.0000E+00
 160  0.0000E+00
 161  0.0000E+00
 162  0.0000E+00
 163  0.0000E+00
 164  0.0000E+00
 165  0.0000E+00
 166  0.0000E+00
 167  0.0000E+00
 168  0.0000E+00
 169  0.0000E+00
 170  0.0000E+00
 171  0.0000E+00
 172  0.0000E+00
 173  0.0000E+00
 174  0.0000E+00
 175  0.0000E+00
 176  0.0000E+00
 177  0.0000E+00
 178  0.0000E+00
 179  0.0000E+00
 180  0.0000E+00
 181  0.0000E+00
 182  0.0000E+00
 183  0.0000E+00
 184  0.0000E+00
 185  0.0000E+00
 186  0.0000E+00
 187  0.0000E+00
 188  0.0000E+00
 189  0.0000E+00
 190  0.0000E+00
 191  0.0000E+00
 192  0.0000E+00
 193  0.0000E+00
 194  0.0000E+00
 195  0.0000E+00
 196  0.0000E+00
 197  0.0000E+00
 198  0.0000E+00
