   0.000000E+00  -0.100076E+00
   0.104167E-01  -0.112691E+00
   0.208333E-01  -0.128631E+00
   0.312500E-01  -0.132922E+00
   0.416667E-01  -0.125873E+00
   0.520833E-01  -0.116432E+00
   0.625000E-01  -0.109300E+00
   0.729167E-01  -0.102529E+00
   0.833333E-01  -0.951417E-01
   0.937500E-01  -0.914248E-01
   0.104167E+00  -0.964084E-01
   0.114583E+00  -0.110988E+00
   0.125000E+00  -0.134083E+00
   0.135417E+00  -0.166231E+00
   0.145833E+00  -0.205741E+00
   0.156250E+00  -0.241522E+00
   0.166667E+00  -0.256255E+00
   0.177083E+00  -0.242531E+00
   0.187500E+00  -0.214986E+00
   0.197917E+00  -0.201050E+00
   0.208333E+00  -0.216166E+00
   0.218750E+00  -0.249199E+00
   0.229167E+00  -0.274714E+00
   0.239583E+00  -0.279548E+00
   0.250000E+00  -0.275389E+00
   0.260417E+00  -0.284292E+00
   0.270833E+00  -0.313186E+00
   0.281250E+00  -0.344560E+00
   0.291667E+00  -0.353241E+00
   0.302083E+00  -0.332429E+00
   0.312500E+00  -0.302834E+00
   0.322917E+00  -0.295231E+00
   0.333333E+00  -0.322561E+00
   0.343750E+00  -0.368080E+00
   0.354167E+00  -0.400584E+00
   0.364583E+00  -0.401182E+00
   0.375000E+00  -0.375485E+00
   0.385417E+00  -0.341809E+00
   0.395833E+00  -0.311890E+00
   0.406250E+00  -0.285768E+00
   0.416667E+00  -0.261982E+00
   0.427083E+00  -0.244514E+00
   0.437500E+00  -0.235501E+00
   0.447917E+00  -0.226497E+00
   0.458333E+00  -0.206471E+00
   0.468750E+00  -0.180640E+00
   0.479167E+00  -0.173026E+00
   0.489583E+00  -0.201527E+00
   0.500000E+00  -0.251805E+00
   0.510417E+00  -0.285165E+00
   0.520833E+00  -0.277239E+00
   0.531250E+00  -0.243687E+00
   0.541667E+00  -0.220922E+00
   0.552083E+00  -0.223980E+00
   0.562500E+00  -0.232490E+00
   0.572917E+00  -0.220815E+00
   0.583333E+00  -0.192680E+00
   0.593750E+00  -0.175844E+00
   0.604167E+00  -0.184720E+00
   0.614583E+00  -0.200357E+00
   0.625000E+00  -0.193984E+00
   0.635417E+00  -0.163516E+00
   0.645833E+00  -0.136236E+00
   0.656250E+00  -0.134919E+00
   0.666667E+00  -0.150462E+00
   0.677083E+00  -0.153290E+00
   0.687500E+00  -0.126296E+00
   0.697917E+00  -0.789125E-01
   0.708333E+00  -0.309278E-01
   0.718750E+00   0.756680E-02
   0.729167E+00   0.361995E-01
   0.739583E+00   0.528231E-01
   0.750000E+00   0.530411E-01
   0.760417E+00   0.417088E-01
   0.770833E+00   0.355910E-01
   0.781250E+00   0.478318E-01
   0.791667E+00   0.728376E-01
   0.802083E+00   0.932057E-01
   0.812500E+00   0.101919E+00
   0.822917E+00   0.111517E+00
   0.833333E+00   0.137484E+00
   0.843750E+00   0.175992E+00
   0.854167E+00   0.203889E+00
   0.864583E+00   0.201926E+00
   0.875000E+00   0.174942E+00
   0.885417E+00   0.147337E+00
   0.895833E+00   0.140209E+00
   0.906250E+00   0.154309E+00
   0.916667E+00   0.173447E+00
   0.927083E+00   0.181577E+00
   0.937500E+00   0.176372E+00
   0.947917E+00   0.168868E+00
   0.958333E+00   0.171795E+00
   0.968750E+00   0.187750E+00
   0.979167E+00   0.207485E+00
   0.989583E+00   0.219569E+00
   0.100000E+01   0.221698E+00
   0.101042E+01   0.221579E+00
   0.102083E+01   0.226260E+00
   0.103125E+01   0.232559E+00
   0.104167E+01   0.230509E+00
   0.105208E+01   0.215818E+00
   0.106250E+01   0.195542E+00
   0.107292E+01   0.179612E+00
   0.108333E+01   0.169212E+00
   0.109375E+01   0.156656E+00
   0.110417E+01   0.135648E+00
   0.111458E+01   0.107500E+00
   0.112500E+01   0.766249E-01
   0.113542E+01   0.451896E-01
   0.114583E+01   0.170215E-01
   0.115625E+01   0.391822E-02
   0.116667E+01   0.197949E-01
   0.117708E+01   0.641866E-01
   0.118750E+01   0.115524E+00
   0.119792E+01   0.146758E+00
   0.120833E+01   0.148336E+00
   0.121875E+01   0.132598E+00
   0.122917E+01   0.116152E+00
   0.123958E+01   0.103768E+00
   0.125000E+01   0.925185E-01
   0.126042E+01   0.854170E-01
   0.127083E+01   0.912393E-01
   0.128125E+01   0.109348E+00
   0.129167E+01   0.123290E+00
   0.130208E+01   0.117443E+00
   0.131250E+01   0.980610E-01
   0.132292E+01   0.897206E-01
   0.133333E+01   0.107787E+00
   0.134375E+01   0.139408E+00
   0.135417E+01   0.156723E+00
   0.136458E+01   0.146697E+00
   0.137500E+01   0.122479E+00
   0.138542E+01   0.105501E+00
   0.139583E+01   0.102645E+00
   0.140625E+01   0.104605E+00
   0.141667E+01   0.101722E+00
   0.142708E+01   0.937724E-01
   0.143750E+01   0.835101E-01
   0.144792E+01   0.678384E-01
   0.145833E+01   0.416436E-01
   0.146875E+01   0.901921E-02
   0.147917E+01  -0.148270E-01
   0.148958E+01  -0.154190E-01
   0.150000E+01   0.857013E-02
   0.151042E+01   0.450955E-01
   0.152083E+01   0.783350E-01
   0.153125E+01   0.972513E-01
   0.154167E+01   0.981241E-01
   0.155208E+01   0.839636E-01
   0.156250E+01   0.626497E-01
   0.157292E+01   0.420122E-01
   0.158333E+01   0.233266E-01
   0.159375E+01   0.397838E-03
   0.160417E+01  -0.322925E-01
   0.161458E+01  -0.701725E-01
   0.162500E+01  -0.992790E-01
   0.163542E+01  -0.107480E+00
   0.164583E+01  -0.942058E-01
   0.165625E+01  -0.688472E-01
   0.166667E+01  -0.414678E-01
   0.167708E+01  -0.167929E-01
   0.168750E+01   0.401362E-02
   0.169792E+01   0.190965E-01
   0.170833E+01   0.252451E-01
   0.171875E+01   0.207685E-01
   0.172917E+01   0.842696E-02
   0.173958E+01  -0.356888E-02
   0.175000E+01  -0.365425E-02
   0.176042E+01   0.165721E-01
   0.177083E+01   0.539768E-01
   0.178125E+01   0.923827E-01
   0.179167E+01   0.113925E+00
   0.180208E+01   0.115076E+00
   0.181250E+01   0.109544E+00
   0.182292E+01   0.112170E+00
   0.183333E+01   0.121071E+00
   0.184375E+01   0.120172E+00
   0.185417E+01   0.100646E+00
   0.186458E+01   0.752714E-01
   0.187500E+01   0.667471E-01
   0.188542E+01   0.828397E-01
   0.189583E+01   0.107778E+00
   0.190625E+01   0.119276E+00
   0.191667E+01   0.109946E+00
   0.192708E+01   0.895796E-01
   0.193750E+01   0.708639E-01
   0.194792E+01   0.591670E-01
   0.195833E+01   0.553725E-01
   0.196875E+01   0.605023E-01
   0.197917E+01   0.722511E-01
   0.198958E+01   0.813042E-01
   0.200000E+01   0.788834E-01
   0.201042E+01   0.685745E-01
   0.202083E+01   0.638375E-01
   0.203125E+01   0.700812E-01
   0.204167E+01   0.744965E-01
   0.205208E+01   0.607464E-01
   0.206250E+01   0.321721E-01
   0.207292E+01   0.118208E-01
   0.208333E+01   0.155166E-01
   0.209375E+01   0.311354E-01
   0.210417E+01   0.323420E-01
   0.211458E+01   0.111764E-01
   0.212500E+01  -0.114603E-01
   0.213542E+01  -0.108245E-01
   0.214583E+01   0.130269E-01
   0.215625E+01   0.382749E-01
   0.216667E+01   0.494449E-01
   0.217708E+01   0.530953E-01
   0.218750E+01   0.635533E-01
   0.219792E+01   0.820131E-01
   0.220833E+01   0.978559E-01
   0.221875E+01   0.106734E+00
   0.222917E+01   0.116203E+00
   0.223958E+01   0.129868E+00
   0.225000E+01   0.134741E+00
   0.226042E+01   0.113902E+00
   0.227083E+01   0.701874E-01
   0.228125E+01   0.281735E-01
   0.229167E+01   0.897189E-02
   0.230208E+01   0.901976E-02
   0.231250E+01   0.957042E-02
   0.232292E+01   0.316212E-02
   0.233333E+01   0.170497E-02
   0.234375E+01   0.168725E-01
   0.235417E+01   0.408998E-01
   0.236458E+01   0.544448E-01
   0.237500E+01   0.506049E-01
   0.238542E+01   0.427525E-01
   0.239583E+01   0.465558E-01
   0.240625E+01   0.613222E-01
   0.241667E+01   0.750190E-01
   0.242708E+01   0.839014E-01
   0.243750E+01   0.981751E-01
   0.244792E+01   0.125672E+00
   0.245833E+01   0.156590E+00
   0.246875E+01   0.171226E+00
   0.247917E+01   0.161648E+00
   0.248958E+01   0.139692E+00
   0.250000E+01   0.121760E+00
   0.251042E+01   0.110501E+00
   0.252083E+01   0.954498E-01
   0.253125E+01   0.690589E-01
   0.254167E+01   0.364149E-01
   0.255208E+01   0.822777E-02
   0.256250E+01  -0.110859E-01
   0.257292E+01  -0.252338E-01
   0.258333E+01  -0.394692E-01
   0.259375E+01  -0.576455E-01
   0.260417E+01  -0.854380E-01
   0.261458E+01  -0.129925E+00
   0.262500E+01  -0.190674E+00
   0.263542E+01  -0.253112E+00
   0.264583E+01  -0.296744E+00
   0.265625E+01  -0.312774E+00
   0.266667E+01  -0.311224E+00
   0.267708E+01  -0.308051E+00
   0.268750E+01  -0.306719E+00
   0.269792E+01  -0.295898E+00
   0.270833E+01  -0.265464E+00
   0.271875E+01  -0.220907E+00
   0.272917E+01  -0.179282E+00
   0.273958E+01  -0.152852E+00
   0.275000E+01  -0.140484E+00
   0.276042E+01  -0.135144E+00
   0.277083E+01  -0.135435E+00
   0.278125E+01  -0.146299E+00
   0.279167E+01  -0.170007E+00
   0.280208E+01  -0.200919E+00
   0.281250E+01  -0.230516E+00
   0.282292E+01  -0.254598E+00
   0.283333E+01  -0.272550E+00
   0.284375E+01  -0.281055E+00
   0.285417E+01  -0.272950E+00
   0.286458E+01  -0.244537E+00
   0.287500E+01  -0.202167E+00
   0.288542E+01  -0.159299E+00
   0.289583E+01  -0.127423E+00
   0.290625E+01  -0.110973E+00
   0.291667E+01  -0.109170E+00
   0.292708E+01  -0.118013E+00
   0.293750E+01  -0.128454E+00
   0.294792E+01  -0.127027E+00
   0.295833E+01  -0.105225E+00
   0.296875E+01  -0.706510E-01
   0.297917E+01  -0.448170E-01
   0.298958E+01  -0.449525E-01
   0.300000E+01  -0.675022E-01
   0.301042E+01  -0.922492E-01
   0.302083E+01  -0.103293E+00
   0.303125E+01  -0.103158E+00
   0.304167E+01  -0.104768E+00
   0.305208E+01  -0.112878E+00
   0.306250E+01  -0.118430E+00
   0.307292E+01  -0.111754E+00
   0.308333E+01  -0.968420E-01
   0.309375E+01  -0.887086E-01
   0.310417E+01  -0.975229E-01
   0.311458E+01  -0.118067E+00
   0.312500E+01  -0.134527E+00
   0.313542E+01  -0.133039E+00
   0.314583E+01  -0.109975E+00
   0.315625E+01  -0.729610E-01
   0.316667E+01  -0.374656E-01
   0.317708E+01  -0.189591E-01
   0.318750E+01  -0.210241E-01
   0.319792E+01  -0.285589E-01
   0.320833E+01  -0.179775E-01
   0.321875E+01   0.196580E-01
   0.322917E+01   0.659236E-01
   0.323958E+01   0.903025E-01
   0.325000E+01   0.801608E-01
   0.326042E+01   0.525050E-01
   0.327083E+01   0.340912E-01
   0.328125E+01   0.338782E-01
   0.329167E+01   0.400798E-01
   0.330208E+01   0.419809E-01
   0.331250E+01   0.456952E-01
   0.332292E+01   0.635423E-01
   0.333333E+01   0.935841E-01
   0.334375E+01   0.118681E+00
   0.335417E+01   0.126431E+00
   0.336458E+01   0.122018E+00
   0.337500E+01   0.116703E+00
   0.338542E+01   0.109676E+00
   0.339583E+01   0.907619E-01
   0.340625E+01   0.609179E-01
   0.341667E+01   0.399380E-01
   0.342708E+01   0.463926E-01
   0.343750E+01   0.740803E-01
   0.344792E+01   0.972565E-01
   0.345833E+01   0.100379E+00
   0.346875E+01   0.949828E-01
   0.347917E+01   0.102138E+00
   0.348958E+01   0.123555E+00
   0.350000E+01   0.138826E+00
   0.351042E+01   0.131651E+00
   0.352083E+01   0.110512E+00
   0.353125E+01   0.977599E-01
   0.354167E+01   0.102355E+00
   0.355208E+01   0.110751E+00
   0.356250E+01   0.104845E+00
   0.357292E+01   0.821221E-01
   0.358333E+01   0.544372E-01
   0.359375E+01   0.317313E-01
   0.360417E+01   0.133397E-01
   0.361458E+01  -0.569539E-02
   0.362500E+01  -0.267293E-01
   0.363542E+01  -0.488891E-01
   0.364583E+01  -0.730838E-01
   0.365625E+01  -0.984473E-01
   0.366667E+01  -0.116091E+00
   0.367708E+01  -0.113749E+00
   0.368750E+01  -0.911422E-01
   0.369792E+01  -0.679832E-01
   0.370833E+01  -0.711210E-01
   0.371875E+01  -0.111203E+00
   0.372917E+01  -0.172473E+00
   0.373958E+01  -0.225463E+00
   0.375000E+01  -0.249081E+00
   0.376042E+01  -0.242343E+00
   0.377083E+01  -0.219892E+00
   0.378125E+01  -0.199536E+00
   0.379167E+01  -0.191574E+00
   0.380208E+01  -0.194226E+00
   0.381250E+01  -0.196435E+00
   0.382292E+01  -0.187380E+00
   0.383333E+01  -0.166676E+00
   0.384375E+01  -0.145765E+00
   0.385417E+01  -0.137679E+00
   0.386458E+01  -0.144631E+00
   0.387500E+01  -0.155872E+00
   0.388542E+01  -0.157244E+00
   0.389583E+01  -0.142145E+00
   0.390625E+01  -0.114762E+00
   0.391667E+01  -0.862322E-01
   0.392708E+01  -0.685567E-01
   0.393750E+01  -0.677953E-01
   0.394792E+01  -0.776785E-01
   0.395833E+01  -0.801981E-01
   0.396875E+01  -0.587468E-01
   0.397917E+01  -0.154119E-01
   0.398958E+01   0.268327E-01
   0.400000E+01   0.440956E-01
   0.401042E+01   0.346031E-01
   0.402083E+01   0.185341E-01
   0.403125E+01   0.142569E-01
   0.404167E+01   0.195578E-01
   0.405208E+01   0.204037E-01
   0.406250E+01   0.141895E-01
   0.407292E+01   0.153506E-01
   0.408333E+01   0.350547E-01
   0.409375E+01   0.628346E-01
   0.410417E+01   0.771763E-01
   0.411458E+01   0.735196E-01
   0.412500E+01   0.725092E-01
   0.413542E+01   0.946185E-01
   0.414583E+01   0.131205E+00
   0.415625E+01   0.149678E+00
   0.416667E+01   0.129714E+00
   0.417708E+01   0.886288E-01
   0.418750E+01   0.653140E-01
   0.419792E+01   0.799311E-01
   0.420833E+01   0.113708E+00
   0.421875E+01   0.129366E+00
   0.422917E+01   0.108121E+00
   0.423958E+01   0.643863E-01
   0.425000E+01   0.265772E-01
   0.426042E+01   0.793285E-02
   0.427083E+01  -0.218758E-02
   0.428125E+01  -0.207698E-01
   0.429167E+01  -0.488650E-01
   0.430208E+01  -0.692619E-01
   0.431250E+01  -0.667164E-01
   0.432292E+01  -0.483062E-01
   0.433333E+01  -0.395288E-01
   0.434375E+01  -0.570493E-01
   0.435417E+01  -0.870154E-01
   0.436458E+01  -0.960476E-01
   0.437500E+01  -0.670791E-01
   0.438542E+01  -0.208682E-01
   0.439583E+01   0.403472E-02
   0.440625E+01  -0.687160E-02
   0.441667E+01  -0.282188E-01
   0.442708E+01  -0.248030E-01
   0.443750E+01   0.694826E-02
   0.444792E+01   0.351904E-01
   0.445833E+01   0.307257E-01
   0.446875E+01   0.515027E-03
   0.447917E+01  -0.230983E-01
   0.448958E+01  -0.219964E-01
   0.450000E+01  -0.110613E-01
   0.451042E+01  -0.151076E-01
   0.452083E+01  -0.357981E-01
   0.453125E+01  -0.501610E-01
   0.454167E+01  -0.397758E-01
   0.455208E+01  -0.124322E-01
   0.456250E+01   0.825952E-02
   0.457292E+01   0.791815E-02
   0.458333E+01  -0.101963E-01
   0.459375E+01  -0.373416E-01
   0.460417E+01  -0.694301E-01
   0.461458E+01  -0.101662E+00
   0.462500E+01  -0.121186E+00
   0.463542E+01  -0.114922E+00
   0.464583E+01  -0.856431E-01
   0.465625E+01  -0.538147E-01
   0.466667E+01  -0.392444E-01
   0.467708E+01  -0.430441E-01
   0.468750E+01  -0.506561E-01
   0.469792E+01  -0.508052E-01
   0.470833E+01  -0.472669E-01
   0.471875E+01  -0.515640E-01
   0.472917E+01  -0.678586E-01
   0.473958E+01  -0.875794E-01
   0.475000E+01  -0.973223E-01
   0.476042E+01  -0.900845E-01
   0.477083E+01  -0.704962E-01
   0.478125E+01  -0.522506E-01
   0.479167E+01  -0.499563E-01
   0.480208E+01  -0.689685E-01
   0.481250E+01  -0.998989E-01
   0.482292E+01  -0.124351E+00
   0.483333E+01  -0.129399E+00
   0.484375E+01  -0.117779E+00
   0.485417E+01  -0.103447E+00
   0.486458E+01  -0.977055E-01
   0.487500E+01  -0.100826E+00
   0.488542E+01  -0.105859E+00
   0.489583E+01  -0.106836E+00
   0.490625E+01  -0.101976E+00
   0.491667E+01  -0.928543E-01
   0.492708E+01  -0.848997E-01
   0.493750E+01  -0.871330E-01
   0.494792E+01  -0.105136E+00
   0.495833E+01  -0.131525E+00
   0.496875E+01  -0.148116E+00
   0.497917E+01  -0.143314E+00
   0.498958E+01  -0.126502E+00
   0.500000E+01  -0.119530E+00
   0.501042E+01  -0.132257E+00
   0.502083E+01  -0.151367E+00
   0.503125E+01  -0.157106E+00
   0.504167E+01  -0.147097E+00
   0.505208E+01  -0.137115E+00
   0.506250E+01  -0.139366E+00
   0.507292E+01  -0.148367E+00
   0.508333E+01  -0.152329E+00
   0.509375E+01  -0.151398E+00
   0.510417E+01  -0.155307E+00
   0.511458E+01  -0.164726E+00
   0.512500E+01  -0.166569E+00
   0.513542E+01  -0.153981E+00
   0.514583E+01  -0.142822E+00
   0.515625E+01  -0.156019E+00
   0.516667E+01  -0.191124E+00
   0.517708E+01  -0.214989E+00
   0.518750E+01  -0.198876E+00
   0.519792E+01  -0.153600E+00
   0.520833E+01  -0.119675E+00
   0.521875E+01  -0.121886E+00
   0.522917E+01  -0.142372E+00
   0.523958E+01  -0.143648E+00
   0.525000E+01  -0.112194E+00
   0.526042E+01  -0.712482E-01
   0.527083E+01  -0.524489E-01
   0.528125E+01  -0.639377E-01
   0.529167E+01  -0.892737E-01
   0.530208E+01  -0.109821E+00
   0.531250E+01  -0.120098E+00
   0.532292E+01  -0.124297E+00
   0.533333E+01  -0.127818E+00
   0.534375E+01  -0.135847E+00
   0.535417E+01  -0.153340E+00
   0.536458E+01  -0.179148E+00
   0.537500E+01  -0.201924E+00
   0.538542E+01  -0.208390E+00
   0.539583E+01  -0.197004E+00
   0.540625E+01  -0.179108E+00
   0.541667E+01  -0.165262E+00
   0.542708E+01  -0.155752E+00
   0.543750E+01  -0.148308E+00
   0.544792E+01  -0.149443E+00
   0.545833E+01  -0.168436E+00
   0.546875E+01  -0.198878E+00
   0.547917E+01  -0.215739E+00
   0.548958E+01  -0.199466E+00
   0.550000E+01  -0.161133E+00
   0.551042E+01  -0.136048E+00
   0.552083E+01  -0.149950E+00
   0.553125E+01  -0.195598E+00
   0.554167E+01  -0.244205E+00
   0.555208E+01  -0.274288E+00
   0.556250E+01  -0.284730E+00
   0.557292E+01  -0.284874E+00
   0.558333E+01  -0.282368E+00
   0.559375E+01  -0.283079E+00
   0.560417E+01  -0.293412E+00
   0.561458E+01  -0.313519E+00
   0.562500E+01  -0.330745E+00
   0.563542E+01  -0.329324E+00
   0.564583E+01  -0.309600E+00
   0.565625E+01  -0.291021E+00
   0.566667E+01  -0.291028E+00
   0.567708E+01  -0.305262E+00
   0.568750E+01  -0.315371E+00
   0.569792E+01  -0.313818E+00
   0.570833E+01  -0.311173E+00
   0.571875E+01  -0.315984E+00
   0.572917E+01  -0.317501E+00
   0.573958E+01  -0.299330E+00
   0.575000E+01  -0.267567E+00
   0.576042E+01  -0.252179E+00
   0.577083E+01  -0.273627E+00
   0.578125E+01  -0.315488E+00
   0.579167E+01  -0.340450E+00
   0.580208E+01  -0.332222E+00
   0.581250E+01  -0.311398E+00
   0.582292E+01  -0.305825E+00
   0.583333E+01  -0.313807E+00
   0.584375E+01  -0.306584E+00
   0.585417E+01  -0.265649E+00
   0.586458E+01  -0.207581E+00
   0.587500E+01  -0.167400E+00
   0.588542E+01  -0.162932E+00
   0.589583E+01  -0.181422E+00
   0.590625E+01  -0.197778E+00
   0.591667E+01  -0.197915E+00
   0.592708E+01  -0.183806E+00
   0.593750E+01  -0.164531E+00
   0.594792E+01  -0.149394E+00
   0.595833E+01  -0.145951E+00
   0.596875E+01  -0.155705E+00
   0.597917E+01  -0.169145E+00
   0.598958E+01  -0.170785E+00
   0.600000E+01  -0.154162E+00
   0.601042E+01  -0.129828E+00
   0.602083E+01  -0.114246E+00
   0.603125E+01  -0.111590E+00
   0.604167E+01  -0.110772E+00
   0.605208E+01  -0.100574E+00
   0.606250E+01  -0.821789E-01
   0.607292E+01  -0.635836E-01
   0.608333E+01  -0.465292E-01
   0.609375E+01  -0.264138E-01
   0.610417E+01  -0.500974E-02
   0.611458E+01   0.518788E-02
   0.612500E+01  -0.419622E-02
   0.613542E+01  -0.212306E-01
   0.614583E+01  -0.204365E-01
   0.615625E+01   0.109804E-01
   0.616667E+01   0.575181E-01
   0.617708E+01   0.901580E-01
   0.618750E+01   0.955929E-01
   0.619792E+01   0.872927E-01
   0.620833E+01   0.878995E-01
   0.621875E+01   0.105124E+00
   0.622917E+01   0.127543E+00
   0.623958E+01   0.141040E+00
   0.625000E+01   0.144138E+00
   0.626042E+01   0.145855E+00
   0.627083E+01   0.152215E+00
   0.628125E+01   0.159082E+00
   0.629167E+01   0.158830E+00
   0.630208E+01   0.151411E+00
   0.631250E+01   0.146113E+00
   0.632292E+01   0.151500E+00
   0.633333E+01   0.164581E+00
   0.634375E+01   0.171788E+00
   0.635417E+01   0.162359E+00
   0.636458E+01   0.140705E+00
   0.637500E+01   0.123767E+00
   0.638542E+01   0.124517E+00
   0.639583E+01   0.138786E+00
   0.640625E+01   0.150550E+00
   0.641667E+01   0.150661E+00
   0.642708E+01   0.147941E+00
   0.643750E+01   0.159570E+00
   0.644792E+01   0.191639E+00
   0.645833E+01   0.232007E+00
   0.646875E+01   0.262369E+00
   0.647917E+01   0.274279E+00
   0.648958E+01   0.271867E+00
   0.650000E+01   0.262813E+00
   0.651042E+01   0.252263E+00
   0.652083E+01   0.245679E+00
   0.653125E+01   0.251201E+00
   0.654167E+01   0.273292E+00
   0.655208E+01   0.305034E+00
   0.656250E+01   0.331800E+00
   0.657292E+01   0.344751E+00
   0.658333E+01   0.348270E+00
   0.659375E+01   0.352553E+00
   0.660417E+01   0.361793E+00
   0.661458E+01   0.372891E+00
   0.662500E+01   0.383485E+00
   0.663542E+01   0.395134E+00
   0.664583E+01   0.406747E+00
   0.665625E+01   0.410204E+00
   0.666667E+01   0.398203E+00
   0.667708E+01   0.375362E+00
   0.668750E+01   0.356145E+00
   0.669792E+01   0.350338E+00
   0.670833E+01   0.355063E+00
   0.671875E+01   0.363767E+00
   0.672917E+01   0.377876E+00
   0.673958E+01   0.401984E+00
   0.675000E+01   0.428045E+00
   0.676042E+01   0.433722E+00
   0.677083E+01   0.404024E+00
   0.678125E+01   0.352042E+00
   0.679167E+01   0.310492E+00
   0.680208E+01   0.300298E+00
   0.681250E+01   0.311909E+00
   0.682292E+01   0.319996E+00
   0.683333E+01   0.311628E+00
   0.684375E+01   0.294279E+00
   0.685417E+01   0.279023E+00
   0.686458E+01   0.265302E+00
   0.687500E+01   0.246459E+00
   0.688542E+01   0.223906E+00
   0.689583E+01   0.207736E+00
   0.690625E+01   0.204089E+00
   0.691667E+01   0.209180E+00
   0.692708E+01   0.217927E+00
   0.693750E+01   0.231473E+00
   0.694792E+01   0.250231E+00
   0.695833E+01   0.264354E+00
   0.696875E+01   0.261574E+00
   0.697917E+01   0.246926E+00
   0.698958E+01   0.245502E+00
   0.700000E+01   0.276890E+00
   0.701042E+01   0.329545E+00
   0.702083E+01   0.369689E+00
   0.703125E+01   0.377386E+00
   0.704167E+01   0.365713E+00
   0.705208E+01   0.358590E+00
   0.706250E+01   0.356903E+00
   0.707292E+01   0.338929E+00
   0.708333E+01   0.295304E+00
   0.709375E+01   0.250452E+00
   0.710417E+01   0.237641E+00
   0.711458E+01   0.256710E+00
   0.712500E+01   0.270356E+00
   0.713542E+01   0.248135E+00
   0.714583E+01   0.205216E+00
   0.715625E+01   0.186413E+00
   0.716667E+01   0.213298E+00
   0.717708E+01   0.258576E+00
   0.718750E+01   0.278676E+00
   0.719792E+01   0.264381E+00
   0.720833E+01   0.248844E+00
   0.721875E+01   0.265928E+00
   0.722917E+01   0.310828E+00
   0.723958E+01   0.348244E+00
   0.725000E+01   0.353789E+00
   0.726042E+01   0.337631E+00
   0.727083E+01   0.326324E+00
   0.728125E+01   0.330308E+00
   0.729167E+01   0.336581E+00
   0.730208E+01   0.330207E+00
   0.731250E+01   0.313930E+00
   0.732292E+01   0.302805E+00
   0.733333E+01   0.304562E+00
   0.734375E+01   0.311503E+00
   0.735417E+01   0.311630E+00
   0.736458E+01   0.302955E+00
   0.737500E+01   0.294206E+00
   0.738542E+01   0.294072E+00
   0.739583E+01   0.302769E+00
   0.740625E+01   0.313289E+00
   0.741667E+01   0.317676E+00
   0.742708E+01   0.311349E+00
   0.743750E+01   0.294360E+00
   0.744792E+01   0.271300E+00
   0.745833E+01   0.249523E+00
   0.746875E+01   0.235186E+00
   0.747917E+01   0.230175E+00
   0.748958E+01   0.233521E+00
   0.750000E+01   0.245165E+00
   0.751042E+01   0.265557E+00
   0.752083E+01   0.290260E+00
   0.753125E+01   0.307635E+00
   0.754167E+01   0.306596E+00
   0.755208E+01   0.288066E+00
   0.756250E+01   0.266052E+00
   0.757292E+01   0.254307E+00
   0.758333E+01   0.252334E+00
   0.759375E+01   0.246871E+00
   0.760417E+01   0.227014E+00
   0.761458E+01   0.195088E+00
   0.762500E+01   0.161725E+00
   0.763542E+01   0.133755E+00
   0.764583E+01   0.111199E+00
   0.765625E+01   0.947229E-01
   0.766667E+01   0.894777E-01
   0.767708E+01   0.972044E-01
   0.768750E+01   0.107510E+00
   0.769792E+01   0.103480E+00
   0.770833E+01   0.782524E-01
   0.771875E+01   0.426399E-01
   0.772917E+01   0.135708E-01
   0.773958E+01  -0.250204E-02
   0.775000E+01  -0.110462E-01
   0.776042E+01  -0.164900E-01
   0.777083E+01  -0.152535E-01
   0.778125E+01  -0.529789E-02
   0.779167E+01   0.281950E-02
   0.780208E+01  -0.700258E-02
   0.781250E+01  -0.366468E-01
   0.782292E+01  -0.675502E-01
   0.783333E+01  -0.794216E-01
   0.784375E+01  -0.725547E-01
   0.785417E+01  -0.657798E-01
   0.786458E+01  -0.723245E-01
   0.787500E+01  -0.846985E-01
   0.788542E+01  -0.873939E-01
   0.789583E+01  -0.794078E-01
   0.790625E+01  -0.759125E-01
   0.791667E+01  -0.869377E-01
   0.792708E+01  -0.102076E+00
   0.793750E+01  -0.101916E+00
   0.794792E+01  -0.814018E-01
   0.795833E+01  -0.550573E-01
   0.796875E+01  -0.390396E-01
   0.797917E+01  -0.345309E-01
   0.798958E+01  -0.323757E-01
   0.800000E+01  -0.288561E-01
   0.801042E+01  -0.296709E-01
   0.802083E+01  -0.389684E-01
   0.803125E+01  -0.518183E-01
   0.804167E+01  -0.611005E-01
   0.805208E+01  -0.667489E-01
   0.806250E+01  -0.722167E-01
   0.807292E+01  -0.742474E-01
   0.808333E+01  -0.643948E-01
   0.809375E+01  -0.433629E-01
   0.810417E+01  -0.269199E-01
   0.811458E+01  -0.301561E-01
   0.812500E+01  -0.475175E-01
   0.813542E+01  -0.561527E-01
   0.814583E+01  -0.417633E-01
   0.815625E+01  -0.154420E-01
   0.816667E+01   0.671337E-04
   0.817708E+01  -0.284395E-02
   0.818750E+01  -0.108664E-01
   0.819792E+01  -0.105390E-01
   0.820833E+01  -0.606043E-02
   0.821875E+01  -0.103718E-01
   0.822917E+01  -0.233184E-01
   0.823958E+01  -0.284703E-01
   0.825000E+01  -0.139799E-01
   0.826042E+01   0.104639E-01
   0.827083E+01   0.233904E-01
   0.828125E+01   0.150205E-01
   0.829167E+01  -0.568556E-02
   0.830208E+01  -0.267758E-01
   0.831250E+01  -0.476239E-01
   0.832292E+01  -0.721063E-01
   0.833333E+01  -0.925387E-01
   0.834375E+01  -0.903327E-01
   0.835417E+01  -0.563225E-01
   0.836458E+01  -0.556420E-02
   0.837500E+01   0.335655E-01
   0.838542E+01   0.448716E-01
   0.839583E+01   0.362156E-01
   0.840625E+01   0.266959E-01
   0.841667E+01   0.257464E-01
   0.842708E+01   0.257352E-01
   0.843750E+01   0.117175E-01
   0.844792E+01  -0.242322E-01
   0.845833E+01  -0.755986E-01
   0.846875E+01  -0.123650E+00
   0.847917E+01  -0.147754E+00
   0.848958E+01  -0.139957E+00
   0.850000E+01  -0.114142E+00
   0.851042E+01  -0.983692E-01
   0.852083E+01  -0.111702E+00
   0.853125E+01  -0.145768E+00
   0.854167E+01  -0.171784E+00
   0.855208E+01  -0.168905E+00
   0.856250E+01  -0.145104E+00
   0.857292E+01  -0.127996E+00
   0.858333E+01  -0.135727E+00
   0.859375E+01  -0.159838E+00
   0.860417E+01  -0.177570E+00
   0.861458E+01  -0.177714E+00
   0.862500E+01  -0.170504E+00
   0.863542E+01  -0.172601E+00
   0.864583E+01  -0.186491E+00
   0.865625E+01  -0.197704E+00
   0.866667E+01  -0.191173E+00
   0.867708E+01  -0.166811E+00
   0.868750E+01  -0.137512E+00
   0.869792E+01  -0.113913E+00
   0.870833E+01  -0.947406E-01
   0.871875E+01  -0.736506E-01
   0.872917E+01  -0.531191E-01
   0.873958E+01  -0.464564E-01
   0.875000E+01  -0.624393E-01
   0.876042E+01  -0.891527E-01
   0.877083E+01  -0.987313E-01
   0.878125E+01  -0.731565E-01
   0.879167E+01  -0.253787E-01
   0.880208E+01   0.930956E-02
   0.881250E+01   0.589895E-02
   0.882292E+01  -0.272363E-01
   0.883333E+01  -0.591727E-01
   0.884375E+01  -0.681214E-01
   0.885417E+01  -0.586223E-01
   0.886458E+01  -0.483893E-01
   0.887500E+01  -0.455796E-01
   0.888542E+01  -0.452093E-01
   0.889583E+01  -0.447328E-01
   0.890625E+01  -0.528726E-01
   0.891667E+01  -0.773862E-01
   0.892708E+01  -0.109300E+00
   0.893750E+01  -0.128373E+00
   0.894792E+01  -0.125908E+00
   0.895833E+01  -0.115793E+00
   0.896875E+01  -0.118129E+00
   0.897917E+01  -0.135277E+00
   0.898958E+01  -0.150118E+00
   0.900000E+01  -0.147475E+00
   0.901042E+01  -0.130865E+00
   0.902083E+01  -0.115089E+00
   0.903125E+01  -0.107446E+00
   0.904167E+01  -0.102376E+00
   0.905208E+01  -0.930598E-01
   0.906250E+01  -0.810894E-01
   0.907292E+01  -0.721015E-01
   0.908333E+01  -0.673802E-01
   0.909375E+01  -0.651866E-01
   0.910417E+01  -0.675568E-01
   0.911458E+01  -0.785139E-01
   0.912500E+01  -0.942073E-01
   0.913542E+01  -0.101924E+00
   0.914583E+01  -0.946558E-01
   0.915625E+01  -0.836085E-01
   0.916667E+01  -0.887849E-01
   0.917708E+01  -0.115835E+00
   0.918750E+01  -0.148121E+00
   0.919792E+01  -0.166042E+00
   0.920833E+01  -0.170236E+00
   0.921875E+01  -0.179309E+00
   0.922917E+01  -0.204734E+00
   0.923958E+01  -0.234549E+00
   0.925000E+01  -0.245854E+00
   0.926042E+01  -0.230167E+00
   0.927083E+01  -0.201945E+00
   0.928125E+01  -0.183305E+00
   0.929167E+01  -0.184880E+00
   0.930208E+01  -0.201624E+00
   0.931250E+01  -0.221522E+00
   0.932292E+01  -0.234697E+00
   0.933333E+01  -0.237948E+00
   0.934375E+01  -0.236645E+00
   0.935417E+01  -0.242063E+00
   0.936458E+01  -0.260847E+00
   0.937500E+01  -0.284350E+00
   0.938542E+01  -0.293201E+00
   0.939583E+01  -0.277840E+00
   0.940625E+01  -0.252491E+00
   0.941667E+01  -0.241991E+00
   0.942708E+01  -0.253041E+00
   0.943750E+01  -0.264662E+00
   0.944792E+01  -0.252412E+00
   0.945833E+01  -0.218800E+00
   0.946875E+01  -0.192187E+00
   0.947917E+01  -0.194184E+00
   0.948958E+01  -0.214513E+00
   0.950000E+01  -0.223168E+00
   0.951042E+01  -0.203894E+00
   0.952083E+01  -0.168870E+00
   0.953125E+01  -0.140134E+00
   0.954167E+01  -0.123849E+00
   0.955208E+01  -0.108229E+00
   0.956250E+01  -0.835489E-01
   0.957292E+01  -0.568004E-01
   0.958333E+01  -0.439702E-01
   0.959375E+01  -0.512554E-01
   0.960417E+01  -0.672091E-01
   0.961458E+01  -0.726626E-01
   0.962500E+01  -0.569036E-01
   0.963542E+01  -0.255288E-01
   0.964583E+01   0.494194E-02
   0.965625E+01   0.204667E-01
   0.966667E+01   0.203411E-01
   0.967708E+01   0.159358E-01
   0.968750E+01   0.174446E-01
   0.969792E+01   0.221718E-01
   0.970833E+01   0.193606E-01
   0.971875E+01   0.827889E-02
   0.972917E+01   0.688839E-02
   0.973958E+01   0.355175E-01
   0.975000E+01   0.907846E-01
   0.976042E+01   0.141776E+00
   0.977083E+01   0.157240E+00
   0.978125E+01   0.134745E+00
   0.979167E+01   0.988076E-01
   0.980208E+01   0.724312E-01
   0.981250E+01   0.576570E-01
   0.982292E+01   0.455628E-01
   0.983333E+01   0.363583E-01
   0.984375E+01   0.397230E-01
   0.985417E+01   0.569099E-01
   0.986458E+01   0.732689E-01
   0.987500E+01   0.743098E-01
   0.988542E+01   0.634207E-01
   0.989583E+01   0.560388E-01
   0.990625E+01   0.581639E-01
   0.991667E+01   0.589544E-01
   0.992708E+01   0.461866E-01
   0.993750E+01   0.209602E-01
   0.994792E+01  -0.856825E-02
   0.995833E+01  -0.416253E-01
   0.996875E+01  -0.825471E-01
   0.997917E+01  -0.124937E+00
   0.998958E+01  -0.150506E+00
   0.100000E+02  -0.151732E+00
   0.100104E+02  -0.148563E+00
   0.100208E+02  -0.170351E+00
   0.100312E+02  -0.220209E+00
   0.100417E+02  -0.267882E+00
   0.100521E+02  -0.283999E+00
   0.100625E+02  -0.274220E+00
   0.100729E+02  -0.270282E+00
   0.100833E+02  -0.290550E+00
   0.100938E+02  -0.321064E+00
   0.101042E+02  -0.337997E+00
   0.101146E+02  -0.337105E+00
   0.101250E+02  -0.331171E+00
   0.101354E+02  -0.325650E+00
   0.101458E+02  -0.312710E+00
   0.101562E+02  -0.292034E+00
   0.101667E+02  -0.282394E+00
   0.101771E+02  -0.299119E+00
   0.101875E+02  -0.325953E+00
   0.101979E+02  -0.325971E+00
   0.102083E+02  -0.285725E+00
   0.102188E+02  -0.236861E+00
   0.102292E+02  -0.222971E+00
   0.102396E+02  -0.249826E+00
   0.102500E+02  -0.280442E+00
   0.102604E+02  -0.279978E+00
   0.102708E+02  -0.253380E+00
   0.102812E+02  -0.232019E+00
   0.102917E+02  -0.232913E+00
   0.103021E+02  -0.244533E+00
   0.103125E+02  -0.250992E+00
   0.103229E+02  -0.255135E+00
   0.103333E+02  -0.269675E+00
   0.103438E+02  -0.294756E+00
   0.103542E+02  -0.316783E+00
   0.103646E+02  -0.327734E+00
   0.103750E+02  -0.333369E+00
   0.103854E+02  -0.338736E+00
   0.103958E+02  -0.336976E+00
   0.104062E+02  -0.323086E+00
   0.104167E+02  -0.312895E+00
   0.104271E+02  -0.333016E+00
   0.104375E+02  -0.386976E+00
   0.104479E+02  -0.441780E+00
   0.104583E+02  -0.458406E+00
   0.104688E+02  -0.432527E+00
   0.104792E+02  -0.395822E+00
   0.104896E+02  -0.377427E+00
   0.105000E+02  -0.374401E+00
   0.105104E+02  -0.364591E+00
   0.105208E+02  -0.338738E+00
   0.105312E+02  -0.308528E+00
   0.105417E+02  -0.286191E+00
   0.105521E+02  -0.270429E+00
   0.105625E+02  -0.258074E+00
   0.105729E+02  -0.258566E+00
   0.105833E+02  -0.283397E+00
   0.105938E+02  -0.322595E+00
   0.106042E+02  -0.345047E+00
   0.106146E+02  -0.329362E+00
   0.106250E+02  -0.288124E+00
   0.106354E+02  -0.253459E+00
   0.106458E+02  -0.241361E+00
   0.106562E+02  -0.239154E+00
   0.106667E+02  -0.228588E+00
   0.106771E+02  -0.210852E+00
   0.106875E+02  -0.201239E+00
   0.106979E+02  -0.204870E+00
   0.107083E+02  -0.209107E+00
   0.107188E+02  -0.201862E+00
   0.107292E+02  -0.188342E+00
   0.107396E+02  -0.182744E+00
   0.107500E+02  -0.187780E+00
   0.107604E+02  -0.191062E+00
   0.107708E+02  -0.182568E+00
   0.107812E+02  -0.168494E+00
   0.107917E+02  -0.163313E+00
   0.108021E+02  -0.171776E+00
   0.108125E+02  -0.183966E+00
   0.108229E+02  -0.187086E+00
   0.108333E+02  -0.177260E+00
   0.108438E+02  -0.159462E+00
   0.108542E+02  -0.141017E+00
   0.108646E+02  -0.127974E+00
   0.108750E+02  -0.123482E+00
   0.108854E+02  -0.124003E+00
   0.108958E+02  -0.117880E+00
   0.109062E+02  -0.936662E-01
   0.109167E+02  -0.526861E-01
   0.109271E+02  -0.102629E-01
   0.109375E+02   0.185516E-01
   0.109479E+02   0.321581E-01
   0.109583E+02   0.380619E-01
   0.109688E+02   0.381601E-01
   0.109792E+02   0.256715E-01
   0.109896E+02  -0.579506E-03
   0.110000E+02  -0.251309E-01
   0.110104E+02  -0.271716E-01
   0.110208E+02  -0.365313E-02
   0.110312E+02   0.244729E-01
   0.110417E+02   0.327031E-01
   0.110521E+02   0.171437E-01
   0.110625E+02  -0.468005E-02
   0.110729E+02  -0.147788E-01
   0.110833E+02  -0.115277E-01
   0.110938E+02  -0.527003E-02
   0.111042E+02  -0.241002E-02
   0.111146E+02   0.176020E-02
   0.111250E+02   0.157848E-01
   0.111354E+02   0.414696E-01
   0.111458E+02   0.711129E-01
   0.111562E+02   0.927227E-01
   0.111667E+02   0.971951E-01
   0.111771E+02   0.831208E-01
   0.111875E+02   0.568569E-01
   0.111979E+02   0.270557E-01
   0.112083E+02  -0.252798E-02
   0.112188E+02  -0.340179E-01
   0.112292E+02  -0.678701E-01
   0.112396E+02  -0.965262E-01
   0.112500E+02  -0.110183E+00
   0.112604E+02  -0.109653E+00
   0.112708E+02  -0.108423E+00
   0.112812E+02  -0.117316E+00
   0.112917E+02  -0.129700E+00
   0.113021E+02  -0.128489E+00
   0.113125E+02  -0.109052E+00
   0.113229E+02  -0.885718E-01
   0.113333E+02  -0.871028E-01
   0.113438E+02  -0.102735E+00
   0.113542E+02  -0.113209E+00
   0.113646E+02  -0.102989E+00
   0.113750E+02  -0.811558E-01
   0.113854E+02  -0.673526E-01
   0.113958E+02  -0.657492E-01
   0.114062E+02  -0.627194E-01
   0.114167E+02  -0.506865E-01
   0.114271E+02  -0.437723E-01
   0.114375E+02  -0.614917E-01
   0.114479E+02  -0.100869E+00
   0.114583E+02  -0.134860E+00
   0.114688E+02  -0.141136E+00
   0.114792E+02  -0.125632E+00
   0.114896E+02  -0.112555E+00
   0.115000E+02  -0.115730E+00
   0.115104E+02  -0.127406E+00
   0.115208E+02  -0.134086E+00
   0.115312E+02  -0.133799E+00
   0.115417E+02  -0.132235E+00
   0.115521E+02  -0.128012E+00
   0.115625E+02  -0.111648E+00
   0.115729E+02  -0.806028E-01
   0.115833E+02  -0.480019E-01
   0.115938E+02  -0.310468E-01
   0.116042E+02  -0.334396E-01
   0.116146E+02  -0.441755E-01
   0.116250E+02  -0.524586E-01
   0.116354E+02  -0.582048E-01
   0.116458E+02  -0.662785E-01
   0.116562E+02  -0.757750E-01
   0.116667E+02  -0.805348E-01
   0.116771E+02  -0.793129E-01
   0.116875E+02  -0.804763E-01
   0.116979E+02  -0.941050E-01
   0.117083E+02  -0.120458E+00
   0.117188E+02  -0.146680E+00
   0.117292E+02  -0.153710E+00
   0.117396E+02  -0.127999E+00
   0.117500E+02  -0.724617E-01
   0.117604E+02  -0.102378E-01
   0.117708E+02   0.264884E-01
   0.117812E+02   0.211257E-01
   0.117917E+02  -0.894854E-02
   0.118021E+02  -0.231436E-01
   0.118125E+02   0.596152E-02
   0.118229E+02   0.657266E-01
   0.118333E+02   0.116403E+00
   0.118438E+02   0.131812E+00
   0.118542E+02   0.123317E+00
   0.118646E+02   0.121968E+00
   0.118750E+02   0.142175E+00
   0.118854E+02   0.169060E+00
   0.118958E+02   0.179378E+00
   0.119062E+02   0.166044E+00
   0.119167E+02   0.138455E+00
   0.119271E+02   0.106086E+00
   0.119375E+02   0.711458E-01
   0.119479E+02   0.364365E-01
   0.119583E+02   0.103633E-01
   0.119688E+02  -0.168243E-02
   0.119792E+02  -0.551264E-02
   0.119896E+02  -0.978115E-02
   0.120000E+02  -0.107885E-01
   0.120104E+02   0.529970E-02
   0.120208E+02   0.408348E-01
   0.120312E+02   0.738455E-01
   0.120417E+02   0.755920E-01
   0.120521E+02   0.413819E-01
   0.120625E+02  -0.231330E-02
   0.120729E+02  -0.240776E-01
   0.120833E+02  -0.165597E-01
   0.120938E+02   0.357508E-02
   0.121042E+02   0.192185E-01
   0.121146E+02   0.283570E-01
   0.121250E+02   0.365980E-01
   0.121354E+02   0.440655E-01
   0.121458E+02   0.473147E-01
   0.121562E+02   0.507697E-01
   0.121667E+02   0.666372E-01
   0.121771E+02   0.994359E-01
   0.121875E+02   0.135230E+00
   0.121979E+02   0.151784E+00
   0.122083E+02   0.138997E+00
   0.122188E+02   0.106087E+00
   0.122292E+02   0.692613E-01
   0.122396E+02   0.364503E-01
   0.122500E+02   0.528136E-02
   0.122604E+02  -0.285953E-01
   0.122708E+02  -0.660180E-01
   0.122812E+02  -0.105460E+00
   0.122917E+02  -0.144110E+00
   0.123021E+02  -0.175417E+00
   0.123125E+02  -0.189301E+00
   0.123229E+02  -0.179693E+00
   0.123333E+02  -0.152667E+00
   0.123438E+02  -0.124707E+00
   0.123542E+02  -0.111036E+00
   0.123646E+02  -0.115281E+00
   0.123750E+02  -0.129542E+00
   0.123854E+02  -0.142502E+00
   0.123958E+02  -0.147045E+00
   0.124062E+02  -0.142636E+00
   0.124167E+02  -0.132998E+00
   0.124271E+02  -0.121507E+00
   0.124375E+02  -0.107153E+00
   0.124479E+02  -0.851771E-01
   0.124583E+02  -0.532437E-01
   0.124688E+02  -0.166478E-01
   0.124792E+02   0.154737E-01
   0.124896E+02   0.400119E-01
   0.125000E+02   0.622752E-01
   0.125104E+02   0.846848E-01
   0.125208E+02   0.957558E-01
   0.125312E+02   0.782238E-01
   0.125417E+02   0.319316E-01
   0.125521E+02  -0.166917E-01
   0.125625E+02  -0.358266E-01
   0.125729E+02  -0.194920E-01
   0.125833E+02   0.868156E-02
   0.125938E+02   0.254246E-01
   0.126042E+02   0.351260E-01
   0.126146E+02   0.601099E-01
   0.126250E+02   0.106610E+00
   0.126354E+02   0.151184E+00
   0.126458E+02   0.166038E+00
   0.126562E+02   0.150744E+00
   0.126667E+02   0.129745E+00
   0.126771E+02   0.120526E+00
   0.126875E+02   0.115578E+00
   0.126979E+02   0.100782E+00
   0.127083E+02   0.822237E-01
   0.127188E+02   0.820017E-01
   0.127292E+02   0.107180E+00
   0.127396E+02   0.134924E+00
   0.127500E+02   0.137158E+00
   0.127604E+02   0.115300E+00
   0.127708E+02   0.100664E+00
   0.127812E+02   0.119038E+00
   0.127917E+02   0.162604E+00
   0.128021E+02   0.201256E+00
   0.128125E+02   0.215793E+00
   0.128229E+02   0.212234E+00
   0.128333E+02   0.205584E+00
   0.128438E+02   0.199814E+00
   0.128542E+02   0.188988E+00
   0.128646E+02   0.171457E+00
   0.128750E+02   0.153152E+00
   0.128854E+02   0.136392E+00
   0.128958E+02   0.113503E+00
   0.129062E+02   0.770637E-01
   0.129167E+02   0.330229E-01
   0.129271E+02  -0.249720E-02
   0.129375E+02  -0.198389E-01
   0.129479E+02  -0.249393E-01
   0.129583E+02  -0.304442E-01
   0.129688E+02  -0.414269E-01
   0.129792E+02  -0.525842E-01
   0.129896E+02  -0.564567E-01
   0.130000E+02  -0.495475E-01
   0.130104E+02  -0.309002E-01
   0.130208E+02  -0.374470E-03
   0.130312E+02   0.382948E-01
   0.130417E+02   0.759919E-01
   0.130521E+02   0.104470E+00
   0.130625E+02   0.123847E+00
   0.130729E+02   0.139650E+00
   0.130833E+02   0.151611E+00
   0.130938E+02   0.150370E+00
   0.131042E+02   0.129872E+00
   0.131146E+02   0.100638E+00
   0.131250E+02   0.839125E-01
   0.131354E+02   0.894159E-01
   0.131458E+02   0.102650E+00
   0.131562E+02   0.994612E-01
   0.131667E+02   0.732890E-01
   0.131771E+02   0.437155E-01
   0.131875E+02   0.356007E-01
   0.131979E+02   0.519360E-01
   0.132083E+02   0.706391E-01
   0.132188E+02   0.680300E-01
   0.132292E+02   0.427514E-01
   0.132396E+02   0.154231E-01
   0.132500E+02   0.692867E-02
   0.132604E+02   0.194615E-01
   0.132708E+02   0.380198E-01
   0.132812E+02   0.469969E-01
   0.132917E+02   0.430703E-01
   0.133021E+02   0.334661E-01
   0.133125E+02   0.254846E-01
   0.133229E+02   0.200940E-01
   0.133333E+02   0.142812E-01
   0.133438E+02   0.575974E-02
   0.133542E+02  -0.688189E-02
   0.133646E+02  -0.266324E-01
   0.133750E+02  -0.556569E-01
   0.133854E+02  -0.879594E-01
   0.133958E+02  -0.107385E+00
   0.134062E+02  -0.989498E-01
   0.134167E+02  -0.649948E-01
   0.134271E+02  -0.272744E-01
   0.134375E+02  -0.870120E-02
   0.134479E+02  -0.128417E-01
   0.134583E+02  -0.245151E-01
   0.134688E+02  -0.308078E-01
   0.134792E+02  -0.361633E-01
   0.134896E+02  -0.522046E-01
   0.135000E+02  -0.760275E-01
   0.135104E+02  -0.874566E-01
   0.135208E+02  -0.716675E-01
   0.135312E+02  -0.386240E-01
   0.135417E+02  -0.126841E-01
   0.135521E+02  -0.458307E-02
   0.135625E+02  -0.265954E-02
   0.135729E+02   0.509464E-02
   0.135833E+02   0.927000E-02
   0.135938E+02  -0.952274E-02
   0.136042E+02  -0.490196E-01
   0.136146E+02  -0.778331E-01
   0.136250E+02  -0.682450E-01
   0.136354E+02  -0.306173E-01
   0.136458E+02  -0.420672E-02
   0.136562E+02  -0.129600E-01
   0.136667E+02  -0.407831E-01
   0.136771E+02  -0.563528E-01
   0.136875E+02  -0.539686E-01
   0.136979E+02  -0.571277E-01
   0.137083E+02  -0.825469E-01
   0.137188E+02  -0.114800E+00
   0.137292E+02  -0.126103E+00
   0.137396E+02  -0.113487E+00
   0.137500E+02  -0.101993E+00
   0.137604E+02  -0.109513E+00
   0.137708E+02  -0.121533E+00
   0.137812E+02  -0.110658E+00
   0.137917E+02  -0.746372E-01
   0.138021E+02  -0.418051E-01
   0.138125E+02  -0.372904E-01
   0.138229E+02  -0.555859E-01
   0.138333E+02  -0.738878E-01
   0.138438E+02  -0.838768E-01
   0.138542E+02  -0.965681E-01
   0.138646E+02  -0.116585E+00
   0.138750E+02  -0.127357E+00
   0.138854E+02  -0.112648E+00
   0.138958E+02  -0.849303E-01
   0.139062E+02  -0.767229E-01
   0.139167E+02  -0.100820E+00
   0.139271E+02  -0.131582E+00
   0.139375E+02  -0.135643E+00
   0.139479E+02  -0.114968E+00
   0.139583E+02  -0.106054E+00
   0.139688E+02  -0.134195E+00
   0.139792E+02  -0.180026E+00
   0.139896E+02  -0.200435E+00
   0.140000E+02  -0.177518E+00
   0.140104E+02  -0.136043E+00
   0.140208E+02  -0.112114E+00
   0.140312E+02  -0.115548E+00
   0.140417E+02  -0.129605E+00
   0.140521E+02  -0.139647E+00
   0.140625E+02  -0.148705E+00
   0.140729E+02  -0.163048E+00
   0.140833E+02  -0.174285E+00
   0.140938E+02  -0.166277E+00
   0.141042E+02  -0.137664E+00
   0.141146E+02  -0.108301E+00
   0.141250E+02  -0.999796E-01
   0.141354E+02  -0.115403E+00
   0.141458E+02  -0.139596E+00
   0.141562E+02  -0.158329E+00
   0.141667E+02  -0.170173E+00
   0.141771E+02  -0.181980E+00
   0.141875E+02  -0.198748E+00
   0.141979E+02  -0.219983E+00
   0.142083E+02  -0.241554E+00
   0.142188E+02  -0.257547E+00
   0.142292E+02  -0.263389E+00
   0.142396E+02  -0.262147E+00
   0.142500E+02  -0.266271E+00
   0.142604E+02  -0.286304E+00
   0.142708E+02  -0.315283E+00
   0.142812E+02  -0.330166E+00
   0.142917E+02  -0.315741E+00
   0.143021E+02  -0.285838E+00
   0.143125E+02  -0.273434E+00
   0.143229E+02  -0.296567E+00
   0.143333E+02  -0.338468E+00
   0.143438E+02  -0.365925E+00
   0.143542E+02  -0.363884E+00
   0.143646E+02  -0.345564E+00
   0.143750E+02  -0.329568E+00
   0.143854E+02  -0.316749E+00
   0.143958E+02  -0.296100E+00
   0.144062E+02  -0.267777E+00
   0.144167E+02  -0.248917E+00
   0.144271E+02  -0.253579E+00
   0.144375E+02  -0.274799E+00
   0.144479E+02  -0.293668E+00
   0.144583E+02  -0.303014E+00
   0.144688E+02  -0.313886E+00
   0.144792E+02  -0.337654E+00
   0.144896E+02  -0.369737E+00
   0.145000E+02  -0.396631E+00
   0.145104E+02  -0.413969E+00
   0.145208E+02  -0.428571E+00
   0.145312E+02  -0.442295E+00
   0.145417E+02  -0.443392E+00
   0.145521E+02  -0.421097E+00
   0.145625E+02  -0.385114E+00
   0.145729E+02  -0.361462E+00
   0.145833E+02  -0.366396E+00
   0.145938E+02  -0.389644E+00
   0.146042E+02  -0.407398E+00
   0.146146E+02  -0.408248E+00
   0.146250E+02  -0.401033E+00
   0.146354E+02  -0.398948E+00
   0.146458E+02  -0.403006E+00
   0.146562E+02  -0.403714E+00
   0.146667E+02  -0.393185E+00
   0.146771E+02  -0.369973E+00
   0.146875E+02  -0.335487E+00
   0.146979E+02  -0.294561E+00
   0.147083E+02  -0.261643E+00
   0.147188E+02  -0.257797E+00
   0.147292E+02  -0.291913E+00
   0.147396E+02  -0.345109E+00
   0.147500E+02  -0.381717E+00
   0.147604E+02  -0.380670E+00
   0.147708E+02  -0.353377E+00
   0.147812E+02  -0.327316E+00
   0.147917E+02  -0.314896E+00
   0.148021E+02  -0.304034E+00
   0.148125E+02  -0.278683E+00
   0.148229E+02  -0.241054E+00
   0.148333E+02  -0.208966E+00
   0.148438E+02  -0.195699E+00
   0.148542E+02  -0.199695E+00
   0.148646E+02  -0.213352E+00
   0.148750E+02  -0.233366E+00
   0.148854E+02  -0.257358E+00
   0.148958E+02  -0.275888E+00
   0.149062E+02  -0.277146E+00
   0.149167E+02  -0.260884E+00
   0.149271E+02  -0.240359E+00
   0.149375E+02  -0.225484E+00
   0.149479E+02  -0.208565E+00
   0.149583E+02  -0.174292E+00
   0.149688E+02  -0.123615E+00
   0.149792E+02  -0.797627E-01
   0.149896E+02  -0.654927E-01
   0.150000E+02  -0.784951E-01
   0.150104E+02  -0.957986E-01
   0.150208E+02  -0.101137E+00
   0.150312E+02  -0.100095E+00
   0.150417E+02  -0.105220E+00
   0.150521E+02  -0.113715E+00
   0.150625E+02  -0.109397E+00
   0.150729E+02  -0.863141E-01
   0.150833E+02  -0.608057E-01
   0.150938E+02  -0.537451E-01
   0.151042E+02  -0.649584E-01
   0.151146E+02  -0.729929E-01
   0.151250E+02  -0.604606E-01
   0.151354E+02  -0.326391E-01
   0.151458E+02  -0.772948E-02
   0.151562E+02   0.502744E-02
   0.151667E+02   0.100398E-01
   0.151771E+02   0.108048E-01
   0.151875E+02   0.166369E-02
   0.151979E+02  -0.200617E-01
   0.152083E+02  -0.405477E-01
   0.152188E+02  -0.392329E-01
   0.152292E+02  -0.139490E-01
   0.152396E+02   0.124883E-01
   0.152500E+02   0.177203E-01
   0.152604E+02   0.783364E-02
   0.152708E+02   0.107710E-01
   0.152812E+02   0.404101E-01
   0.152917E+02   0.756238E-01
   0.153021E+02   0.823887E-01
   0.153125E+02   0.532169E-01
   0.153229E+02   0.155817E-01
   0.153333E+02  -0.714331E-03
   0.153438E+02   0.372843E-02
   0.153542E+02   0.468352E-02
   0.153646E+02  -0.111439E-01
   0.153750E+02  -0.300942E-01
   0.153854E+02  -0.341237E-01
   0.153958E+02  -0.301279E-01
   0.154062E+02  -0.448720E-01
   0.154167E+02  -0.897764E-01
   0.154271E+02  -0.140632E+00
   0.154375E+02  -0.160039E+00
   0.154479E+02  -0.137007E+00
   0.154583E+02  -0.966788E-01
   0.154688E+02  -0.704401E-01
   0.154792E+02  -0.642740E-01
   0.154896E+02  -0.618960E-01
   0.155000E+02  -0.531973E-01
   0.155104E+02  -0.484036E-01
   0.155208E+02  -0.608947E-01
   0.155312E+02  -0.843697E-01
   0.155417E+02  -0.967529E-01
   0.155521E+02  -0.865800E-01
   0.155625E+02  -0.673582E-01
   0.155729E+02  -0.607732E-01
   0.155833E+02  -0.699361E-01
   0.155938E+02  -0.763281E-01
   0.156042E+02  -0.637623E-01
   0.156146E+02  -0.389391E-01
   0.156250E+02  -0.236327E-01
   0.156354E+02  -0.292165E-01
   0.156458E+02  -0.447350E-01
   0.156562E+02  -0.512187E-01
   0.156667E+02  -0.429293E-01
   0.156771E+02  -0.305911E-01
   0.156875E+02  -0.255568E-01
   0.156979E+02  -0.259455E-01
   0.157083E+02  -0.201397E-01
   0.157188E+02  -0.102958E-02
   0.157292E+02   0.261501E-01
   0.157396E+02   0.491108E-01
   0.157500E+02   0.586097E-01
   0.157604E+02   0.532845E-01
   0.157708E+02   0.379108E-01
   0.157812E+02   0.199743E-01
   0.157917E+02   0.686379E-02
   0.158021E+02   0.290805E-02
   0.158125E+02   0.678730E-02
   0.158229E+02   0.125619E-01
   0.158333E+02   0.148846E-01
   0.158438E+02   0.137324E-01
   0.158542E+02   0.135582E-01
   0.158646E+02   0.177206E-01
   0.158750E+02   0.245428E-01
   0.158854E+02   0.294150E-01
   0.158958E+02   0.303514E-01
   0.159062E+02   0.303520E-01
   0.159167E+02   0.333851E-01
   0.159271E+02   0.377229E-01
   0.159375E+02   0.342438E-01
   0.159479E+02   0.131632E-01
   0.159583E+02  -0.257040E-01
   0.159688E+02  -0.695426E-01
   0.159792E+02  -0.101535E+00
   0.159896E+02  -0.115390E+00
   0.160000E+02  -0.120601E+00
   0.160104E+02  -0.131379E+00
   0.160208E+02  -0.149905E+00
   0.160312E+02  -0.162974E+00
   0.160417E+02  -0.157424E+00
   0.160521E+02  -0.137651E+00
   0.160625E+02  -0.124290E+00
   0.160729E+02  -0.134153E+00
   0.160833E+02  -0.163967E+00
   0.160938E+02  -0.195988E+00
   0.161042E+02  -0.217247E+00
   0.161146E+02  -0.228771E+00
   0.161250E+02  -0.236126E+00
   0.161354E+02  -0.237828E+00
   0.161458E+02  -0.229401E+00
   0.161562E+02  -0.216678E+00
   0.161667E+02  -0.216114E+00
   0.161771E+02  -0.236592E+00
   0.161875E+02  -0.265065E+00
   0.161979E+02  -0.278075E+00
   0.162083E+02  -0.269205E+00
   0.162188E+02  -0.259443E+00
   0.162292E+02  -0.275259E+00
   0.162396E+02  -0.318270E+00
   0.162500E+02  -0.361501E+00
   0.162604E+02  -0.376270E+00
   0.162708E+02  -0.359024E+00
   0.162812E+02  -0.330622E+00
   0.162917E+02  -0.314157E+00
   0.163021E+02  -0.317823E+00
   0.163125E+02  -0.335726E+00
   0.163229E+02  -0.356036E+00
   0.163333E+02  -0.364691E+00
   0.163438E+02  -0.348677E+00
   0.163542E+02  -0.306181E+00
   0.163646E+02  -0.255341E+00
   0.163750E+02  -0.224937E+00
   0.163854E+02  -0.229056E+00
   0.163958E+02  -0.251915E+00
   0.164062E+02  -0.263104E+00
   0.164167E+02  -0.249162E+00
   0.164271E+02  -0.226436E+00
   0.164375E+02  -0.221068E+00
   0.164479E+02  -0.240216E+00
   0.164583E+02  -0.266939E+00
   0.164688E+02  -0.280684E+00
   0.164792E+02  -0.275776E+00
   0.164896E+02  -0.258027E+00
   0.165000E+02  -0.230175E+00
   0.165104E+02  -0.189019E+00
   0.165208E+02  -0.136972E+00
   0.165312E+02  -0.886821E-01
   0.165417E+02  -0.597148E-01
   0.165521E+02  -0.496010E-01
   0.165625E+02  -0.406512E-01
   0.165729E+02  -0.155705E-01
   0.165833E+02   0.251840E-01
   0.165938E+02   0.640537E-01
   0.166042E+02   0.824779E-01
   0.166146E+02   0.758205E-01
   0.166250E+02   0.554537E-01
   0.166354E+02   0.392337E-01
   0.166458E+02   0.384836E-01
   0.166562E+02   0.494657E-01
   0.166667E+02   0.555751E-01
   0.166771E+02   0.410412E-01
   0.166875E+02   0.664166E-02
   0.166979E+02  -0.284950E-01
   0.167083E+02  -0.440986E-01
   0.167188E+02  -0.388538E-01
   0.167292E+02  -0.306397E-01
   0.167396E+02  -0.351228E-01
   0.167500E+02  -0.474128E-01
   0.167604E+02  -0.494383E-01
   0.167708E+02  -0.343972E-01
   0.167812E+02  -0.173026E-01
   0.167917E+02  -0.170248E-01
   0.168021E+02  -0.318635E-01
   0.168125E+02  -0.405098E-01
   0.168229E+02  -0.286370E-01
   0.168333E+02  -0.774309E-02
   0.168438E+02  -0.104753E-02
   0.168542E+02  -0.129073E-01
   0.168646E+02  -0.208550E-01
   0.168750E+02  -0.282049E-02
   0.168854E+02   0.324622E-01
   0.168958E+02   0.505019E-01
   0.169062E+02   0.289498E-01
   0.169167E+02  -0.144539E-01
   0.169271E+02  -0.372765E-01
   0.169375E+02  -0.153795E-01
   0.169479E+02   0.333536E-01
   0.169583E+02   0.689996E-01
   0.169688E+02   0.690527E-01
   0.169792E+02   0.440490E-01
   0.169896E+02   0.168761E-01
   0.170000E+02  -0.511808E-02
   0.170104E+02  -0.317798E-01
   0.170208E+02  -0.676979E-01
   0.170312E+02  -0.980741E-01
   0.170417E+02  -0.103843E+00
   0.170521E+02  -0.883562E-01
   0.170625E+02  -0.806351E-01
   0.170729E+02  -0.106791E+00
   0.170833E+02  -0.160466E+00
   0.170938E+02  -0.206998E+00
   0.171042E+02  -0.218323E+00
   0.171146E+02  -0.199904E+00
   0.171250E+02  -0.180707E+00
   0.171354E+02  -0.180019E+00
   0.171458E+02  -0.190131E+00
   0.171562E+02  -0.192232E+00
   0.171667E+02  -0.182426E+00
   0.171771E+02  -0.175563E+00
   0.171875E+02  -0.185153E+00
   0.171979E+02  -0.207450E+00
   0.172083E+02  -0.229244E+00
   0.172188E+02  -0.246319E+00
   0.172292E+02  -0.266632E+00
   0.172396E+02  -0.295028E+00
   0.172500E+02  -0.322102E+00
   0.172604E+02  -0.333562E+00
   0.172708E+02  -0.327663E+00
   0.172812E+02  -0.316888E+00
   0.172917E+02  -0.311503E+00
   0.173021E+02  -0.307250E+00
   0.173125E+02  -0.293362E+00
   0.173229E+02  -0.269427E+00
   0.173333E+02  -0.247808E+00
   0.173438E+02  -0.238289E+00
   0.173542E+02  -0.235426E+00
   0.173646E+02  -0.224836E+00
   0.173750E+02  -0.199652E+00
   0.173854E+02  -0.166678E+00
   0.173958E+02  -0.137170E+00
   0.174062E+02  -0.116497E+00
   0.174167E+02  -0.104211E+00
   0.174271E+02  -0.989122E-01
   0.174375E+02  -0.974738E-01
   0.174479E+02  -0.911625E-01
   0.174583E+02  -0.697565E-01
   0.174688E+02  -0.336499E-01
   0.174792E+02   0.143606E-02
   0.174896E+02   0.170081E-01
   0.175000E+02   0.985482E-02
   0.175104E+02  -0.512710E-02
   0.175208E+02  -0.106775E-01
   0.175312E+02  -0.309351E-02
   0.175417E+02   0.833996E-02
   0.175521E+02   0.141047E-01
   0.175625E+02   0.127925E-01
   0.175729E+02   0.860030E-02
   0.175833E+02   0.584965E-02
   0.175938E+02   0.741016E-02
   0.176042E+02   0.138022E-01
   0.176146E+02   0.194627E-01
   0.176250E+02   0.125902E-01
   0.176354E+02  -0.148887E-01
   0.176458E+02  -0.553735E-01
   0.176562E+02  -0.885776E-01
   0.176667E+02  -0.100804E+00
   0.176771E+02  -0.992106E-01
   0.176875E+02  -0.102280E+00
   0.176979E+02  -0.117154E+00
   0.177083E+02  -0.132796E+00
   0.177188E+02  -0.138238E+00
   0.177292E+02  -0.141099E+00
   0.177396E+02  -0.159398E+00
   0.177500E+02  -0.194800E+00
   0.177604E+02  -0.222469E+00
   0.177708E+02  -0.214232E+00
   0.177812E+02  -0.169876E+00
   0.177917E+02  -0.119838E+00
   0.178021E+02  -0.962311E-01
   0.178125E+02  -0.105368E+00
   0.178229E+02  -0.129825E+00
   0.178333E+02  -0.152006E+00
   0.178438E+02  -0.170443E+00
   0.178542E+02  -0.195296E+00
   0.178646E+02  -0.234544E+00
   0.178750E+02  -0.286240E+00
   0.178854E+02  -0.338798E+00
   0.178958E+02  -0.375134E+00
   0.179062E+02  -0.381284E+00
   0.179167E+02  -0.359056E+00
   0.179271E+02  -0.330988E+00
   0.179375E+02  -0.325064E+00
   0.179479E+02  -0.348176E+00
   0.179583E+02  -0.376987E+00
   0.179688E+02  -0.380713E+00
   0.179792E+02  -0.353240E+00
   0.179896E+02  -0.317950E+00
   0.180000E+02  -0.300241E+00
   0.180104E+02  -0.301627E+00
   0.180208E+02  -0.305878E+00
   0.180312E+02  -0.305152E+00
   0.180417E+02  -0.309789E+00
   0.180521E+02  -0.330391E+00
   0.180625E+02  -0.360009E+00
   0.180729E+02  -0.382764E+00
   0.180833E+02  -0.396107E+00
   0.180938E+02  -0.413124E+00
   0.181042E+02  -0.439674E+00
   0.181146E+02  -0.459104E+00
   0.181250E+02  -0.449556E+00
   0.181354E+02  -0.413595E+00
   0.181458E+02  -0.379506E+00
   0.181562E+02  -0.369292E+00
   0.181667E+02  -0.373760E+00
   0.181771E+02  -0.367533E+00
   0.181875E+02  -0.344315E+00
   0.181979E+02  -0.325293E+00
   0.182083E+02  -0.329010E+00
   0.182188E+02  -0.343412E+00
   0.182292E+02  -0.339407E+00
   0.182396E+02  -0.310675E+00
   0.182500E+02  -0.288022E+00
   0.182604E+02  -0.306711E+00
   0.182708E+02  -0.364091E+00
   0.182812E+02  -0.417916E+00
   0.182917E+02  -0.427646E+00
   0.183021E+02  -0.392031E+00
   0.183125E+02  -0.344438E+00
   0.183229E+02  -0.317197E+00
   0.183333E+02  -0.316234E+00
   0.183438E+02  -0.327209E+00
   0.183542E+02  -0.337082E+00
   0.183646E+02  -0.344797E+00
   0.183750E+02  -0.355304E+00
   0.183854E+02  -0.370078E+00
   0.183958E+02  -0.384910E+00
   0.184062E+02  -0.393549E+00
   0.184167E+02  -0.391761E+00
   0.184271E+02  -0.380164E+00
   0.184375E+02  -0.364941E+00
   0.184479E+02  -0.353577E+00
   0.184583E+02  -0.346864E+00
   0.184688E+02  -0.336198E+00
   0.184792E+02  -0.313066E+00
   0.184896E+02  -0.282432E+00
   0.185000E+02  -0.262509E+00
   0.185104E+02  -0.266593E+00
   0.185208E+02  -0.285853E+00
   0.185312E+02  -0.295039E+00
   0.185417E+02  -0.277981E+00
   0.185521E+02  -0.245062E+00
   0.185625E+02  -0.222018E+00
   0.185729E+02  -0.222055E+00
   0.185833E+02  -0.232477E+00
   0.185938E+02  -0.229685E+00
   0.186042E+02  -0.204006E+00
   0.186146E+02  -0.166648E+00
   0.186250E+02  -0.134516E+00
   0.186354E+02  -0.113680E+00
   0.186458E+02  -0.998323E-01
   0.186562E+02  -0.904271E-01
   0.186667E+02  -0.899198E-01
   0.186771E+02  -0.101881E+00
   0.186875E+02  -0.120790E+00
   0.186979E+02  -0.136728E+00
   0.187083E+02  -0.147501E+00
   0.187188E+02  -0.161514E+00
   0.187292E+02  -0.185862E+00
   0.187396E+02  -0.214420E+00
   0.187500E+02  -0.232559E+00
   0.187604E+02  -0.234660E+00
   0.187708E+02  -0.232909E+00
   0.187812E+02  -0.244360E+00
   0.187917E+02  -0.269865E+00
   0.188021E+02  -0.290538E+00
   0.188125E+02  -0.288273E+00
   0.188229E+02  -0.267755E+00
   0.188333E+02  -0.253534E+00
   0.188438E+02  -0.263783E+00
   0.188542E+02  -0.290025E+00
   0.188646E+02  -0.306262E+00
   0.188750E+02  -0.297727E+00
   0.188854E+02  -0.277490E+00
   0.188958E+02  -0.273345E+00
   0.189062E+02  -0.300520E+00
   0.189167E+02  -0.348612E+00
   0.189271E+02  -0.392724E+00
   0.189375E+02  -0.413724E+00
   0.189479E+02  -0.408661E+00
   0.189583E+02  -0.388079E+00
   0.189688E+02  -0.368579E+00
   0.189792E+02  -0.365556E+00
   0.189896E+02  -0.385356E+00
   0.190000E+02  -0.419815E+00
   0.190104E+02  -0.450920E+00
   0.190208E+02  -0.465742E+00
   0.190312E+02  -0.467490E+00
   0.190417E+02  -0.469466E+00
   0.190521E+02  -0.478186E+00
   0.190625E+02  -0.486491E+00
   0.190729E+02  -0.485385E+00
   0.190833E+02  -0.478462E+00
   0.190938E+02  -0.478404E+00
   0.191042E+02  -0.489444E+00
   0.191146E+02  -0.500017E+00
   0.191250E+02  -0.497612E+00
   0.191354E+02  -0.487288E+00
   0.191458E+02  -0.488401E+00
   0.191562E+02  -0.511495E+00
   0.191667E+02  -0.544116E+00
   0.191771E+02  -0.563434E+00
   0.191875E+02  -0.559525E+00
   0.191979E+02  -0.540760E+00
   0.192083E+02  -0.517939E+00
   0.192188E+02  -0.491565E+00
   0.192292E+02  -0.459492E+00
   0.192396E+02  -0.431333E+00
   0.192500E+02  -0.425499E+00
   0.192604E+02  -0.449170E+00
   0.192708E+02  -0.486885E+00
   0.192812E+02  -0.514157E+00
   0.192917E+02  -0.520747E+00
   0.193021E+02  -0.516739E+00
   0.193125E+02  -0.516938E+00
   0.193229E+02  -0.524698E+00
   0.193333E+02  -0.532549E+00
   0.193438E+02  -0.533478E+00
   0.193542E+02  -0.526766E+00
   0.193646E+02  -0.515030E+00
   0.193750E+02  -0.501374E+00
   0.193854E+02  -0.489996E+00
   0.193958E+02  -0.483806E+00
   0.194062E+02  -0.477759E+00
   0.194167E+02  -0.459030E+00
   0.194271E+02  -0.420476E+00
   0.194375E+02  -0.373815E+00
   0.194479E+02  -0.342968E+00
   0.194583E+02  -0.340831E+00
   0.194688E+02  -0.356521E+00
   0.194792E+02  -0.369938E+00
   0.194896E+02  -0.375782E+00
   0.195000E+02  -0.386342E+00
   0.195104E+02  -0.410280E+00
   0.195208E+02  -0.437043E+00
   0.195312E+02  -0.448137E+00
   0.195417E+02  -0.439356E+00
   0.195521E+02  -0.423454E+00
   0.195625E+02  -0.411158E+00
   0.195729E+02  -0.398918E+00
   0.195833E+02  -0.380392E+00
   0.195938E+02  -0.362153E+00
   0.196042E+02  -0.357043E+00
   0.196146E+02  -0.362863E+00
   0.196250E+02  -0.360011E+00
   0.196354E+02  -0.337381E+00
   0.196458E+02  -0.312647E+00
   0.196562E+02  -0.314357E+00
   0.196667E+02  -0.343859E+00
   0.196771E+02  -0.367659E+00
   0.196875E+02  -0.355585E+00
   0.196979E+02  -0.319575E+00
   0.197083E+02  -0.302376E+00
   0.197188E+02  -0.326919E+00
   0.197292E+02  -0.367399E+00
   0.197396E+02  -0.376774E+00
   0.197500E+02  -0.336471E+00
   0.197604E+02  -0.270193E+00
   0.197708E+02  -0.211970E+00
   0.197812E+02  -0.172843E+00
   0.197917E+02  -0.143120E+00
   0.198021E+02  -0.116331E+00
   0.198125E+02  -0.977866E-01
   0.198229E+02  -0.906595E-01
   0.198333E+02  -0.861904E-01
   0.198438E+02  -0.744530E-01
   0.198542E+02  -0.577534E-01
   0.198646E+02  -0.441599E-01
   0.198750E+02  -0.302128E-01
   0.198854E+02  -0.100273E-02
   0.198958E+02   0.482931E-01
   0.199062E+02   0.990520E-01
   0.199167E+02   0.126492E+00
   0.199271E+02   0.128933E+00
   0.199375E+02   0.131397E+00
   0.199479E+02   0.156945E+00
   0.199583E+02   0.199822E+00
   0.199688E+02   0.232087E+00
   0.199792E+02   0.234350E+00
   0.199896E+02   0.215163E+00
   0.200000E+02   0.201244E+00
